date,return
2022-03-27T23:00:00,0.0
2022-03-28T00:00:00,-0.09
2022-03-28T01:00:00,0.47
2022-03-28T02:00:00,-0.09
2022-03-28T03:00:00,0.12
2022-03-28T04:00:00,-0.04
2022-03-28T05:00:00,0.08
2022-03-28T06:00:00,0.1
2022-03-28T07:00:00,0.35
2022-03-28T08:00:00,0.54
2022-03-28T09:00:00,-0.23
2022-03-28T10:00:00,0.02
2022-03-28T11:00:00,-0.28
2022-03-28T12:00:00,-0.24
2022-03-28T13:00:00,0.13
2022-03-28T14:00:00,-0.21
2022-03-28T15:00:00,-0.14
2022-03-28T16:00:00,0.17
2022-03-28T17:00:00,-0.09
2022-03-28T18:00:00,0.1
2022-03-28T19:00:00,0.22
2022-03-28T20:00:00,0.11
2022-03-28T21:00:00,-0.0
2022-03-28T22:00:00,0.17
2022-03-28T23:00:00,-0.3
2022-03-29T00:00:00,0.27
2022-03-29T01:00:00,-0.19
2022-03-29T02:00:00,-0.23
2022-03-29T03:00:00,-0.12
2022-03-29T04:00:00,0.03
2022-03-29T05:00:00,0.19
2022-03-29T06:00:00,-0.07
2022-03-29T07:00:00,-0.12
2022-03-29T08:00:00,-0.03
2022-03-29T09:00:00,0.1
2022-03-29T10:00:00,-0.15
2022-03-29T11:00:00,0.18
2022-03-29T12:00:00,-0.39
2022-03-29T13:00:00,-0.23
2022-03-29T14:00:00,0.24
2022-03-29T15:00:00,0.06
2022-03-29T16:00:00,-0.16
2022-03-29T17:00:00,0.16
2022-03-29T18:00:00,0.2
2022-03-29T19:00:00,-0.01
2022-03-29T20:00:00,-0.02
2022-03-29T21:00:00,0.09
2022-03-29T22:00:00,0.05
2022-03-29T23:00:00,0.09
2022-03-30T00:00:00,-0.41
2022-03-30T01:00:00,-0.07
2022-03-30T02:00:00,-0.25
2022-03-30T03:00:00,-0.19
2022-03-30T04:00:00,0.2
2022-03-30T05:00:00,0.06
2022-03-30T06:00:00,-0.01
2022-03-30T07:00:00,-0.03
2022-03-30T08:00:00,0.08
2022-03-30T09:00:00,0.16
2022-03-30T10:00:00,0.03
2022-03-30T11:00:00,-0.22
2022-03-30T12:00:00,0.13
2022-03-30T13:00:00,0.33
2022-03-30T14:00:00,0.23
2022-03-30T15:00:00,-0.16
2022-03-30T16:00:00,0.01
2022-03-30T17:00:00,-0.05
2022-03-30T18:00:00,-0.05
2022-03-30T19:00:00,-0.02
2022-03-30T20:00:00,0.01
2022-03-30T21:00:00,0.04
2022-03-30T22:00:00,0.01
2022-03-30T23:00:00,0.09
2022-03-31T00:00:00,0.28
2022-03-31T01:00:00,-0.14
2022-03-31T02:00:00,-0.1
2022-03-31T03:00:00,0.06
2022-03-31T04:00:00,-0.12
2022-03-31T05:00:00,-0.1
2022-03-31T06:00:00,-0.32
2022-03-31T07:00:00,-0.06
2022-03-31T08:00:00,0.46
2022-03-31T09:00:00,-0.1
2022-03-31T10:00:00,-0.35
2022-03-31T11:00:00,-0.03
2022-03-31T12:00:00,0.03
2022-03-31T13:00:00,0.13
2022-03-31T14:00:00,0.13
2022-03-31T15:00:00,-0.06
2022-03-31T16:00:00,0.0
2022-03-31T17:00:00,0.08
2022-03-31T18:00:00,-0.08
2022-03-31T19:00:00,-0.06
2022-03-31T20:00:00,0.11
2022-03-31T21:00:00,-0.04
2022-03-31T22:00:00,0.03
2022-03-31T23:00:00,-0.03
2022-04-01T00:00:00,0.2
2022-04-01T01:00:00,0.16
2022-04-01T02:00:00,0.22
2022-04-01T03:00:00,-0.03
2022-04-01T04:00:00,0.01
2022-04-01T05:00:00,-0.08
2022-04-01T06:00:00,0.19
2022-04-01T07:00:00,-0.02
2022-04-01T08:00:00,-0.04
2022-04-01T09:00:00,-0.09
2022-04-01T10:00:00,-0.02
2022-04-01T11:00:00,-0.04
2022-04-01T12:00:00,0.14
2022-04-01T13:00:00,0.02
2022-04-01T14:00:00,-0.05
2022-04-01T15:00:00,-0.13
2022-04-01T16:00:00,-0.05
2022-04-01T17:00:00,0.05
2022-04-01T18:00:00,0.03
2022-04-01T19:00:00,-0.06
2022-04-01T20:00:00,0.0
2022-04-03T21:00:00,-0.04
2022-04-03T22:00:00,0.04
2022-04-03T23:00:00,0.01
2022-04-04T00:00:00,-0.14
2022-04-04T01:00:00,0.05
2022-04-04T02:00:00,0.06
2022-04-04T03:00:00,0.06
2022-04-04T04:00:00,-0.12
2022-04-04T05:00:00,0.11
2022-04-04T06:00:00,0.07
2022-04-04T07:00:00,-0.01
2022-04-04T08:00:00,-0.19
2022-04-04T09:00:00,-0.08
2022-04-04T10:00:00,0.17
2022-04-04T11:00:00,-0.07
2022-04-04T12:00:00,0.12
2022-04-04T13:00:00,0.13
2022-04-04T14:00:00,0.05
2022-04-04T15:00:00,-0.11
2022-04-04T16:00:00,-0.06
2022-04-04T17:00:00,0.03
2022-04-04T18:00:00,0.04
2022-04-04T19:00:00,-0.06
2022-04-04T20:00:00,-0.0
2022-04-04T21:00:00,-0.03
2022-04-04T22:00:00,-0.02
2022-04-04T23:00:00,0.02
2022-04-05T00:00:00,-0.13
2022-04-05T01:00:00,-0.04
2022-04-05T02:00:00,0.0
2022-04-05T03:00:00,-0.02
2022-04-05T04:00:00,-0.04
2022-04-05T05:00:00,0.01
2022-04-05T06:00:00,0.12
2022-04-05T07:00:00,0.25
2022-04-05T08:00:00,-0.14
2022-04-05T09:00:00,0.12
2022-04-05T10:00:00,-0.02
2022-04-05T11:00:00,0.1
2022-04-05T12:00:00,-0.03
2022-04-05T13:00:00,0.04
2022-04-05T14:00:00,-0.03
2022-04-05T15:00:00,0.04
2022-04-05T16:00:00,0.04
2022-04-05T17:00:00,0.09
2022-04-05T18:00:00,-0.04
2022-04-05T19:00:00,-0.0
2022-04-05T20:00:00,-0.02
2022-04-05T21:00:00,0.08
2022-04-05T22:00:00,0.0
2022-04-05T23:00:00,0.02
2022-04-06T00:00:00,0.02
2022-04-06T01:00:00,0.09
2022-04-06T02:00:00,-0.01
2022-04-06T03:00:00,-0.13
2022-04-06T04:00:00,0.06
2022-04-06T05:00:00,-0.01
2022-04-06T06:00:00,-0.17
2022-04-06T07:00:00,-0.12
2022-04-06T08:00:00,0.08
2022-04-06T09:00:00,-0.04
2022-04-06T10:00:00,0.09
2022-04-06T11:00:00,-0.05
2022-04-06T12:00:00,-0.03
2022-04-06T13:00:00,0.03
2022-04-06T14:00:00,-0.03
2022-04-06T15:00:00,-0.04
2022-04-06T16:00:00,0.03
2022-04-06T17:00:00,0.04
2022-04-06T18:00:00,-0.06
2022-04-06T19:00:00,0.04
2022-04-06T20:00:00,-0.04
2022-04-06T21:00:00,-0.01
2022-04-06T22:00:00,0.03
2022-04-06T23:00:00,-0.09
2022-04-07T00:00:00,-0.0
2022-04-07T01:00:00,0.02
2022-04-07T02:00:00,0.02
2022-04-07T03:00:00,-0.0
2022-04-07T04:00:00,-0.03
2022-04-07T05:00:00,0.02
2022-04-07T06:00:00,0.11
2022-04-07T07:00:00,-0.01
2022-04-07T08:00:00,-0.1
2022-04-07T09:00:00,-0.05
2022-04-07T10:00:00,0.1
2022-04-07T11:00:00,0.14
2022-04-07T12:00:00,-0.04
2022-04-07T13:00:00,0.05
2022-04-07T14:00:00,-0.07
2022-04-07T15:00:00,-0.1
2022-04-07T16:00:00,-0.01
2022-04-07T17:00:00,0.09
2022-04-07T18:00:00,-0.03
2022-04-07T19:00:00,-0.02
2022-04-07T20:00:00,0.01
2022-04-07T21:00:00,-0.01
2022-04-07T22:00:00,0.04
2022-04-07T23:00:00,-0.03
2022-04-08T00:00:00,-0.23
2022-04-08T01:00:00,0.02
2022-04-08T02:00:00,0.04
2022-04-08T03:00:00,0.03
2022-04-08T04:00:00,-0.02
2022-04-08T05:00:00,0.12
2022-04-08T06:00:00,0.01
2022-04-08T07:00:00,0.0
2022-04-08T08:00:00,-0.02
2022-04-08T09:00:00,-0.03
2022-04-08T10:00:00,0.08
2022-04-08T11:00:00,0.04
2022-04-08T12:00:00,0.03
2022-04-08T13:00:00,0.09
2022-04-08T14:00:00,0.11
2022-04-08T15:00:00,0.05
2022-04-08T16:00:00,0.02
2022-04-08T17:00:00,-0.02
2022-04-08T18:00:00,0.0
2022-04-08T19:00:00,-0.03
2022-04-08T20:00:00,-0.07
2022-04-10T21:00:00,0.09
2022-04-10T22:00:00,-0.02
2022-04-10T23:00:00,-0.03
2022-04-11T00:00:00,0.09
2022-04-11T01:00:00,0.1
2022-04-11T02:00:00,-0.01
2022-04-11T03:00:00,0.01
2022-04-11T04:00:00,0.09
2022-04-11T05:00:00,0.09
2022-04-11T06:00:00,0.19
2022-04-11T07:00:00,0.06
2022-04-11T08:00:00,0.1
2022-04-11T09:00:00,0.09
2022-04-11T10:00:00,0.06
2022-04-11T11:00:00,0.21
2022-04-11T12:00:00,-0.03
2022-04-11T13:00:00,-0.12
2022-04-11T14:00:00,0.33
2022-04-11T15:00:00,0.02
2022-04-11T16:00:00,-0.04
2022-04-11T17:00:00,-0.0
2022-04-11T18:00:00,-0.06
2022-04-11T19:00:00,-0.07
2022-04-11T20:00:00,0.01
2022-04-11T21:00:00,0.02
2022-04-11T22:00:00,0.03
2022-04-11T23:00:00,-0.02
2022-04-12T00:00:00,-0.03
2022-04-12T01:00:00,-0.02
2022-04-12T02:00:00,0.01
2022-04-12T03:00:00,0.02
2022-04-12T04:00:00,-0.04
2022-04-12T05:00:00,0.06
2022-04-12T06:00:00,0.04
2022-04-12T07:00:00,-0.26
2022-04-12T08:00:00,0.17
2022-04-12T09:00:00,0.02
2022-04-12T10:00:00,0.0
2022-04-12T11:00:00,-0.04
2022-04-12T12:00:00,-0.1
2022-04-12T13:00:00,0.11
2022-04-12T14:00:00,0.02
2022-04-12T15:00:00,-0.01
2022-04-12T16:00:00,-0.13
2022-04-12T17:00:00,-0.07
2022-04-12T18:00:00,0.03
2022-04-12T19:00:00,0.01
2022-04-12T20:00:00,-0.0
2022-04-12T21:00:00,0.08
2022-04-12T22:00:00,-0.01
2022-04-12T23:00:00,0.03
2022-04-13T00:00:00,0.03
2022-04-13T01:00:00,0.09
2022-04-13T02:00:00,0.01
2022-04-13T03:00:00,-0.02
2022-04-13T04:00:00,0.02
2022-04-13T05:00:00,0.08
2022-04-13T06:00:00,0.24
2022-04-13T07:00:00,0.1
2022-04-13T08:00:00,0.05
2022-04-13T09:00:00,-0.09
2022-04-13T10:00:00,-0.1
2022-04-13T11:00:00,-0.23
2022-04-13T12:00:00,-0.09
2022-04-13T13:00:00,0.09
2022-04-13T14:00:00,-0.11
2022-04-13T15:00:00,-0.06
2022-04-13T16:00:00,0.02
2022-04-13T17:00:00,-0.04
2022-04-13T18:00:00,0.04
2022-04-13T19:00:00,-0.05
2022-04-13T20:00:00,0.01
2022-04-13T21:00:00,0.01
2022-04-13T22:00:00,-0.07
2022-04-13T23:00:00,-0.15
2022-04-14T00:00:00,0.01
2022-04-14T01:00:00,-0.0
2022-04-14T02:00:00,0.05
2022-04-14T03:00:00,-0.05
2022-04-14T04:00:00,0.04
2022-04-14T05:00:00,0.06
2022-04-14T06:00:00,-0.12
2022-04-14T07:00:00,-0.05
2022-04-14T08:00:00,-0.05
2022-04-14T09:00:00,0.04
2022-04-14T10:00:00,-0.12
2022-04-14T11:00:00,-0.23
2022-04-14T12:00:00,0.16
2022-04-14T13:00:00,-0.21
2022-04-14T14:00:00,-0.06
2022-04-14T15:00:00,0.03
2022-04-14T16:00:00,-0.04
2022-04-14T17:00:00,0.01
2022-04-14T18:00:00,0.07
2022-04-14T19:00:00,-0.04
2022-04-14T20:00:00,-0.01
2022-04-14T21:00:00,0.06
2022-04-14T22:00:00,-0.01
2022-04-14T23:00:00,0.11
2022-04-15T00:00:00,0.13
2022-04-15T01:00:00,-0.04
2022-04-15T02:00:00,0.01
2022-04-15T03:00:00,0.0
2022-04-15T04:00:00,0.0
2022-04-15T05:00:00,0.06
2022-04-15T06:00:00,0.25
2022-04-15T07:00:00,-0.05
2022-04-15T08:00:00,-0.02
2022-04-15T09:00:00,-0.01
2022-04-15T10:00:00,-0.03
2022-04-15T11:00:00,0.02
2022-04-15T12:00:00,0.03
2022-04-15T13:00:00,-0.05
2022-04-15T14:00:00,-0.03
2022-04-15T15:00:00,-0.16
2022-04-15T16:00:00,0.05
2022-04-15T17:00:00,0.03
2022-04-15T18:00:00,-0.0
2022-04-15T19:00:00,0.02
2022-04-15T20:00:00,0.05
2022-04-17T21:00:00,0.01
2022-04-17T22:00:00,0.09
2022-04-17T23:00:00,0.06
2022-04-18T00:00:00,-0.11
2022-04-18T01:00:00,-0.03
2022-04-18T02:00:00,0.02
2022-04-18T03:00:00,0.02
2022-04-18T04:00:00,-0.08
2022-04-18T05:00:00,0.01
2022-04-18T06:00:00,0.06
2022-04-18T07:00:00,-0.07
2022-04-18T08:00:00,-0.03
2022-04-18T09:00:00,0.11
2022-04-18T10:00:00,0.1
2022-04-18T11:00:00,-0.04
2022-04-18T12:00:00,-0.11
2022-04-18T13:00:00,0.07
2022-04-18T14:00:00,0.02
2022-04-18T15:00:00,0.01
2022-04-18T16:00:00,0.11
2022-04-18T17:00:00,0.01
2022-04-18T18:00:00,0.02
2022-04-18T19:00:00,-0.04
2022-04-18T20:00:00,0.01
2022-04-18T21:00:00,0.04
2022-04-18T22:00:00,-0.01
2022-04-18T23:00:00,0.02
2022-04-19T00:00:00,0.06
2022-04-19T01:00:00,0.19
2022-04-19T02:00:00,0.13
2022-04-19T03:00:00,0.16
2022-04-19T04:00:00,0.14
2022-04-19T05:00:00,0.04
2022-04-19T06:00:00,0.11
2022-04-19T07:00:00,-0.04
2022-04-19T08:00:00,0.01
2022-04-19T09:00:00,-0.03
2022-04-19T10:00:00,-0.2
2022-04-19T11:00:00,0.09
2022-04-19T12:00:00,0.41
2022-04-19T13:00:00,-0.08
2022-04-19T14:00:00,-0.12
2022-04-19T15:00:00,-0.1
2022-04-19T16:00:00,0.04
2022-04-19T17:00:00,-0.08
2022-04-19T18:00:00,-0.13
2022-04-19T19:00:00,0.05
2022-04-19T20:00:00,-0.04
2022-04-19T21:00:00,0.02
2022-04-19T22:00:00,0.23
2022-04-19T23:00:00,0.03
2022-04-20T00:00:00,-0.09
2022-04-20T01:00:00,-0.14
2022-04-20T02:00:00,-0.17
2022-04-20T03:00:00,-0.22
2022-04-20T04:00:00,0.16
2022-04-20T05:00:00,0.11
2022-04-20T06:00:00,-0.07
2022-04-20T07:00:00,0.12
2022-04-20T08:00:00,0.01
2022-04-20T09:00:00,-0.26
2022-04-20T10:00:00,-0.17
2022-04-20T11:00:00,0.16
2022-04-20T12:00:00,0.01
2022-04-20T13:00:00,-0.09
2022-04-20T14:00:00,-0.04
2022-04-20T15:00:00,-0.01
2022-04-20T16:00:00,-0.1
2022-04-20T17:00:00,-0.07
2022-04-20T18:00:00,-0.01
2022-04-20T19:00:00,0.01
2022-04-20T20:00:00,0.1
2022-04-20T21:00:00,0.06
2022-04-20T22:00:00,0.01
2022-04-20T23:00:00,-0.03
2022-04-21T00:00:00,0.07
2022-04-21T01:00:00,0.12
2022-04-21T02:00:00,0.05
2022-04-21T03:00:00,-0.16
2022-04-21T04:00:00,0.05
2022-04-21T05:00:00,-0.09
2022-04-21T06:00:00,0.21
2022-04-21T07:00:00,0.12
2022-04-21T08:00:00,-0.24
2022-04-21T09:00:00,0.01
2022-04-21T10:00:00,0.03
2022-04-21T11:00:00,-0.03
2022-04-21T12:00:00,-0.02
2022-04-21T13:00:00,0.14
2022-04-21T14:00:00,-0.15
2022-04-21T15:00:00,-0.06
2022-04-21T16:00:00,-0.1
2022-04-21T17:00:00,-0.2
2022-04-21T18:00:00,0.03
2022-04-21T19:00:00,0.09
2022-04-21T20:00:00,-0.03
2022-04-21T21:00:00,0.03
2022-04-21T22:00:00,-0.08
2022-04-21T23:00:00,0.06
2022-04-22T00:00:00,0.07
2022-04-22T01:00:00,0.09
2022-04-22T02:00:00,-0.05
2022-04-22T03:00:00,-0.1
2022-04-22T04:00:00,-0.17
2022-04-22T05:00:00,-0.18
2022-04-22T06:00:00,-0.15
2022-04-22T07:00:00,0.11
2022-04-22T08:00:00,0.07
2022-04-22T09:00:00,0.15
2022-04-22T10:00:00,0.05
2022-04-22T11:00:00,-0.1
2022-04-22T12:00:00,0.05
2022-04-22T13:00:00,-0.19
2022-04-22T14:00:00,-0.12
2022-04-22T15:00:00,0.23
2022-04-22T16:00:00,0.14
2022-04-22T17:00:00,-0.18
2022-04-22T18:00:00,0.07
2022-04-22T19:00:00,-0.06
2022-04-22T20:00:00,0.07
2022-04-24T21:00:00,-0.06
2022-04-24T22:00:00,0.22
2022-04-24T23:00:00,-0.01
2022-04-25T00:00:00,0.04
2022-04-25T01:00:00,-0.22
2022-04-25T02:00:00,-0.19
2022-04-25T03:00:00,0.05
2022-04-25T04:00:00,0.01
2022-04-25T05:00:00,-0.06
2022-04-25T06:00:00,-0.36
2022-04-25T07:00:00,0.18
2022-04-25T08:00:00,-0.15
2022-04-25T09:00:00,0.08
2022-04-25T10:00:00,-0.03
2022-04-25T11:00:00,0.25
2022-04-25T12:00:00,0.08
2022-04-25T13:00:00,-0.45
2022-04-25T14:00:00,-0.13
2022-04-25T15:00:00,-0.14
2022-04-25T16:00:00,-0.02
2022-04-25T17:00:00,0.08
2022-04-25T18:00:00,0.15
2022-04-25T19:00:00,0.04
2022-04-25T20:00:00,0.0
2022-04-25T21:00:00,0.04
2022-04-25T22:00:00,-0.11
2022-04-25T23:00:00,-0.16
2022-04-26T00:00:00,-0.03
2022-04-26T01:00:00,-0.08
2022-04-26T02:00:00,0.2
2022-04-26T03:00:00,0.1
2022-04-26T04:00:00,0.06
2022-04-26T05:00:00,-0.07
2022-04-26T06:00:00,-0.16
2022-04-26T07:00:00,-0.02
2022-04-26T08:00:00,-0.04
2022-04-26T09:00:00,0.11
2022-04-26T10:00:00,-0.05
2022-04-26T11:00:00,-0.19
2022-04-26T12:00:00,-0.12
2022-04-26T13:00:00,-0.12
2022-04-26T14:00:00,-0.22
2022-04-26T15:00:00,0.04
2022-04-26T16:00:00,0.13
2022-04-26T17:00:00,-0.05
2022-04-26T18:00:00,-0.04
2022-04-26T19:00:00,-0.1
2022-04-26T20:00:00,-0.21
2022-04-26T21:00:00,-0.04
2022-04-26T22:00:00,-0.02
2022-04-26T23:00:00,0.06
2022-04-27T00:00:00,0.19
2022-04-27T01:00:00,0.01
2022-04-27T02:00:00,0.13
2022-04-27T03:00:00,-0.06
2022-04-27T04:00:00,0.01
2022-04-27T05:00:00,0.03
2022-04-27T06:00:00,-0.01
2022-04-27T07:00:00,0.01
2022-04-27T08:00:00,-0.09
2022-04-27T09:00:00,0.17
2022-04-27T10:00:00,-0.07
2022-04-27T11:00:00,-0.05
2022-04-27T12:00:00,-0.3
2022-04-27T13:00:00,0.04
2022-04-27T14:00:00,0.05
2022-04-27T15:00:00,0.15
2022-04-27T16:00:00,-0.0
2022-04-27T17:00:00,0.04
2022-04-27T18:00:00,-0.03
2022-04-27T19:00:00,-0.03
2022-04-27T20:00:00,0.05
2022-04-27T21:00:00,0.12
2022-04-27T22:00:00,-0.05
2022-04-27T23:00:00,-0.02
2022-04-28T00:00:00,0.21
2022-04-28T01:00:00,-0.03
2022-04-28T02:00:00,-0.05
2022-04-28T03:00:00,0.57
2022-04-28T04:00:00,0.16
2022-04-28T05:00:00,0.26
2022-04-28T06:00:00,0.28
2022-04-28T07:00:00,0.29
2022-04-28T08:00:00,-0.05
2022-04-28T09:00:00,-0.28
2022-04-28T10:00:00,-0.27
2022-04-28T11:00:00,0.31
2022-04-28T12:00:00,-0.29
2022-04-28T13:00:00,0.36
2022-04-28T14:00:00,0.23
2022-04-28T15:00:00,-0.16
2022-04-28T16:00:00,0.21
2022-04-28T17:00:00,-0.06
2022-04-28T18:00:00,-0.12
2022-04-28T19:00:00,0.02
2022-04-28T20:00:00,-0.06
2022-04-28T21:00:00,-0.03
2022-04-28T22:00:00,0.02
2022-04-28T23:00:00,-0.06
2022-04-29T00:00:00,-0.09
2022-04-29T01:00:00,0.11
2022-04-29T02:00:00,-0.07
2022-04-29T03:00:00,-0.02
2022-04-29T04:00:00,-0.04
2022-04-29T05:00:00,-0.09
2022-04-29T06:00:00,-0.19
2022-04-29T07:00:00,0.09
2022-04-29T08:00:00,0.09
2022-04-29T09:00:00,0.11
2022-04-29T10:00:00,-0.32
2022-04-29T11:00:00,-0.12
2022-04-29T12:00:00,-0.08
2022-04-29T13:00:00,0.2
2022-04-29T14:00:00,-0.34
2022-04-29T15:00:00,-0.05
2022-04-29T16:00:00,-0.11
2022-04-29T17:00:00,0.03
2022-04-29T18:00:00,-0.09
2022-04-29T19:00:00,0.08
2022-04-29T20:00:00,-0.11
2022-05-01T21:00:00,-0.18
2022-05-01T22:00:00,0.09
2022-05-01T23:00:00,-0.19
2022-05-02T00:00:00,-0.0
2022-05-02T01:00:00,0.11
2022-05-02T02:00:00,0.03
2022-05-02T03:00:00,0.07
2022-05-02T04:00:00,0.03
2022-05-02T05:00:00,0.01
2022-05-02T06:00:00,0.15
2022-05-02T07:00:00,-0.24
2022-05-02T08:00:00,0.16
2022-05-02T09:00:00,-0.3
2022-05-02T10:00:00,0.01
2022-05-02T11:00:00,-0.12
2022-05-02T12:00:00,-0.01
2022-05-02T13:00:00,-0.01
2022-05-02T14:00:00,-0.04
2022-05-02T15:00:00,0.0
2022-05-02T16:00:00,-0.11
2022-05-02T17:00:00,-0.01
2022-05-02T18:00:00,-0.12
2022-05-02T19:00:00,0.14
2022-05-02T20:00:00,0.01
2022-05-02T21:00:00,0.15
2022-05-02T22:00:00,-0.1
2022-05-02T23:00:00,-0.01
2022-05-03T00:00:00,-0.05
2022-05-03T01:00:00,-0.01
2022-05-03T02:00:00,0.04
2022-05-03T03:00:00,-0.03
2022-05-03T04:00:00,-0.08
2022-05-03T05:00:00,0.09
2022-05-03T06:00:00,0.01
2022-05-03T07:00:00,0.06
2022-05-03T08:00:00,-0.14
2022-05-03T09:00:00,0.14
2022-05-03T10:00:00,-0.01
2022-05-03T11:00:00,0.17
2022-05-03T12:00:00,0.06
2022-05-03T13:00:00,-0.2
2022-05-03T14:00:00,-0.24
2022-05-03T15:00:00,0.09
2022-05-03T16:00:00,0.0
2022-05-03T17:00:00,-0.04
2022-05-03T18:00:00,0.1
2022-05-03T19:00:00,-0.01
2022-05-03T20:00:00,-0.05
2022-05-03T21:00:00,-0.01
2022-05-03T22:00:00,-0.07
2022-05-03T23:00:00,-0.0
2022-05-04T00:00:00,0.0
2022-05-04T01:00:00,-0.03
2022-05-04T02:00:00,-0.06
2022-05-04T03:00:00,0.01
2022-05-04T04:00:00,-0.01
2022-05-04T05:00:00,0.05
2022-05-04T06:00:00,0.06
2022-05-04T07:00:00,-0.14
2022-05-04T08:00:00,-0.13
2022-05-04T09:00:00,-0.05
2022-05-04T10:00:00,-0.1
2022-05-04T11:00:00,0.13
2022-05-04T12:00:00,-0.06
2022-05-04T13:00:00,-0.09
2022-05-04T14:00:00,-0.1
2022-05-04T15:00:00,-0.03
2022-05-04T16:00:00,-0.01
2022-05-04T17:00:00,-0.01
2022-05-04T18:00:00,0.07
2022-05-04T19:00:00,0.32
2022-05-04T20:00:00,0.03
2022-05-04T21:00:00,-0.03
2022-05-04T22:00:00,0.17
2022-05-04T23:00:00,-0.09
2022-05-05T00:00:00,-0.1
2022-05-05T01:00:00,0.01
2022-05-05T02:00:00,0.09
2022-05-05T03:00:00,-0.04
2022-05-05T04:00:00,0.09
2022-05-05T05:00:00,-0.04
2022-05-05T06:00:00,0.06
2022-05-05T07:00:00,-0.04
2022-05-05T08:00:00,-0.16
2022-05-05T09:00:00,0.07
2022-05-05T10:00:00,0.06
2022-05-05T11:00:00,-0.21
2022-05-05T12:00:00,-0.21
2022-05-05T13:00:00,0.2
2022-05-05T14:00:00,-0.18
2022-05-05T15:00:00,-0.13
2022-05-05T16:00:00,0.0
2022-05-05T17:00:00,-0.02
2022-05-05T18:00:00,-0.02
2022-05-05T19:00:00,0.04
2022-05-05T20:00:00,0.08
2022-05-05T21:00:00,-0.01
2022-05-05T22:00:00,0.0
2022-05-05T23:00:00,0.06
2022-05-06T00:00:00,0.09
2022-05-06T01:00:00,0.03
2022-05-06T02:00:00,-0.04
2022-05-06T03:00:00,0.05
2022-05-06T04:00:00,-0.06
2022-05-06T05:00:00,-0.01
2022-05-06T06:00:00,-0.08
2022-05-06T07:00:00,0.09
2022-05-06T08:00:00,0.09
2022-05-06T09:00:00,0.05
2022-05-06T10:00:00,-0.06
2022-05-06T11:00:00,-0.13
2022-05-06T12:00:00,0.09
2022-05-06T13:00:00,-0.41
2022-05-06T14:00:00,0.39
2022-05-06T15:00:00,-0.11
2022-05-06T16:00:00,-0.02
2022-05-06T17:00:00,-0.07
2022-05-06T18:00:00,0.02
2022-05-06T19:00:00,-0.05
2022-05-06T20:00:00,-0.02
2022-05-08T21:00:00,-0.29
2022-05-08T22:00:00,-0.07
2022-05-08T23:00:00,0.0
2022-05-09T00:00:00,-0.07
2022-05-09T01:00:00,0.0
2022-05-09T02:00:00,-0.07
2022-05-09T03:00:00,0.08
2022-05-09T04:00:00,-0.06
2022-05-09T05:00:00,-0.13
2022-05-09T06:00:00,0.19
2022-05-09T07:00:00,-0.01
2022-05-09T08:00:00,-0.06
2022-05-09T09:00:00,0.2
2022-05-09T10:00:00,-0.17
2022-05-09T11:00:00,-0.05
2022-05-09T12:00:00,0.02
2022-05-09T13:00:00,-0.27
2022-05-09T14:00:00,-0.52
2022-05-09T15:00:00,0.25
2022-05-09T16:00:00,0.0
2022-05-09T17:00:00,-0.03
2022-05-09T18:00:00,-0.03
2022-05-09T19:00:00,-0.08
2022-05-09T20:00:00,-0.02
2022-05-09T21:00:00,0.12
2022-05-09T22:00:00,0.04
2022-05-09T23:00:00,-0.0
2022-05-10T00:00:00,-0.23
2022-05-10T01:00:00,0.22
2022-05-10T02:00:00,0.17
2022-05-10T03:00:00,-0.09
2022-05-10T04:00:00,0.14
2022-05-10T05:00:00,-0.07
2022-05-10T06:00:00,-0.0
2022-05-10T07:00:00,-0.18
2022-05-10T08:00:00,-0.2
2022-05-10T09:00:00,-0.27
2022-05-10T10:00:00,-0.01
2022-05-10T11:00:00,0.27
2022-05-10T12:00:00,0.15
2022-05-10T13:00:00,-0.04
2022-05-10T14:00:00,0.0
2022-05-10T15:00:00,-0.15
2022-05-10T16:00:00,0.01
2022-05-10T17:00:00,0.09
2022-05-10T18:00:00,0.01
2022-05-10T19:00:00,-0.02
2022-05-10T20:00:00,-0.02
2022-05-10T21:00:00,0.03
2022-05-10T22:00:00,-0.08
2022-05-10T23:00:00,-0.02
2022-05-11T00:00:00,0.01
2022-05-11T01:00:00,0.07
2022-05-11T02:00:00,-0.05
2022-05-11T03:00:00,0.04
2022-05-11T04:00:00,0.05
2022-05-11T05:00:00,0.03
2022-05-11T06:00:00,-0.03
2022-05-11T07:00:00,-0.02
2022-05-11T08:00:00,0.26
2022-05-11T09:00:00,-0.04
2022-05-11T10:00:00,-0.14
2022-05-11T11:00:00,-0.01
2022-05-11T12:00:00,0.17
2022-05-11T13:00:00,0.35
2022-05-11T14:00:00,-0.25
2022-05-11T15:00:00,-0.03
2022-05-11T16:00:00,-0.32
2022-05-11T17:00:00,-0.42
2022-05-11T18:00:00,0.18
2022-05-11T19:00:00,0.02
2022-05-11T20:00:00,0.05
2022-05-11T21:00:00,0.13
2022-05-11T22:00:00,-0.08
2022-05-11T23:00:00,-0.1
2022-05-12T00:00:00,-0.04
2022-05-12T01:00:00,0.1
2022-05-12T02:00:00,-0.16
2022-05-12T03:00:00,0.02
2022-05-12T04:00:00,-0.09
2022-05-12T05:00:00,-0.14
2022-05-12T08:00:00,-0.18
2022-05-12T09:00:00,0.22
2022-05-12T10:00:00,-0.09
2022-05-12T11:00:00,-0.21
2022-05-12T12:00:00,-0.28
2022-05-12T13:00:00,-0.45
2022-05-12T14:00:00,0.28
2022-05-12T15:00:00,-0.21
2022-05-12T16:00:00,-0.08
2022-05-12T17:00:00,-0.11
2022-05-12T18:00:00,-0.21
2022-05-12T19:00:00,0.3
2022-05-12T20:00:00,0.02
2022-05-12T21:00:00,0.09
2022-05-12T22:00:00,0.03
2022-05-12T23:00:00,0.08
2022-05-13T00:00:00,0.22
2022-05-13T01:00:00,0.07
2022-05-13T02:00:00,0.0
2022-05-13T03:00:00,0.16
2022-05-13T04:00:00,-0.1
2022-05-13T05:00:00,-0.05
2022-05-13T06:00:00,-0.14
2022-05-13T07:00:00,0.29
2022-05-13T08:00:00,0.03
2022-05-13T09:00:00,-0.08
2022-05-13T10:00:00,0.27
2022-05-13T11:00:00,0.04
2022-05-13T12:00:00,-0.18
2022-05-13T13:00:00,0.05
2022-05-13T14:00:00,0.15
2022-05-13T15:00:00,-0.03
2022-05-13T16:00:00,0.04
2022-05-13T17:00:00,-0.08
2022-05-13T18:00:00,-0.02
2022-05-13T19:00:00,0.0
2022-05-13T20:00:00,-0.01
2022-05-15T21:00:00,0.06
2022-05-15T22:00:00,-0.0
2022-05-15T23:00:00,-0.02
2022-05-16T00:00:00,0.04
2022-05-16T01:00:00,-0.28
2022-05-16T02:00:00,-0.14
2022-05-16T03:00:00,-0.08
2022-05-16T04:00:00,0.08
2022-05-16T05:00:00,0.02
2022-05-16T06:00:00,-0.09
2022-05-16T07:00:00,0.07
2022-05-16T08:00:00,0.13
2022-05-16T09:00:00,-0.08
2022-05-16T10:00:00,0.09
2022-05-16T11:00:00,0.08
2022-05-16T12:00:00,-0.13
2022-05-16T13:00:00,-0.27
2022-05-16T14:00:00,0.06
2022-05-16T15:00:00,0.26
2022-05-16T16:00:00,-0.04
2022-05-16T17:00:00,0.12
2022-05-16T18:00:00,0.04
2022-05-16T19:00:00,-0.1
2022-05-16T20:00:00,0.04
2022-05-16T21:00:00,-0.01
2022-05-16T22:00:00,-0.01
2022-05-16T23:00:00,-0.07
2022-05-17T00:00:00,0.23
2022-05-17T01:00:00,0.09
2022-05-17T02:00:00,-0.09
2022-05-17T03:00:00,0.06
2022-05-17T04:00:00,0.07
2022-05-17T05:00:00,0.01
2022-05-17T06:00:00,0.12
2022-05-17T07:00:00,0.21
2022-05-17T08:00:00,0.19
2022-05-17T09:00:00,-0.08
2022-05-17T10:00:00,0.13
2022-05-17T11:00:00,0.31
2022-05-17T12:00:00,0.21
2022-05-17T13:00:00,-0.07
2022-05-17T14:00:00,-0.21
2022-05-17T15:00:00,-0.01
2022-05-17T16:00:00,-0.0
2022-05-17T17:00:00,-0.05
2022-05-17T18:00:00,0.06
2022-05-17T19:00:00,-0.02
2022-05-17T20:00:00,0.0
2022-05-17T21:00:00,0.0
2022-05-17T22:00:00,-0.04
2022-05-17T23:00:00,0.03
2022-05-18T00:00:00,-0.05
2022-05-18T01:00:00,-0.15
2022-05-18T02:00:00,-0.06
2022-05-18T03:00:00,-0.05
2022-05-18T04:00:00,-0.03
2022-05-18T05:00:00,0.1
2022-05-18T06:00:00,-0.11
2022-05-18T07:00:00,-0.12
2022-05-18T08:00:00,-0.07
2022-05-18T09:00:00,0.09
2022-05-18T10:00:00,-0.06
2022-05-18T11:00:00,-0.13
2022-05-18T12:00:00,-0.13
2022-05-18T13:00:00,-0.14
2022-05-18T14:00:00,0.6
2022-05-18T15:00:00,-0.31
2022-05-18T16:00:00,0.4
2022-05-18T17:00:00,-0.19
2022-05-18T18:00:00,-0.01
2022-05-18T19:00:00,0.03
2022-05-18T20:00:00,-0.04
2022-05-18T21:00:00,0.1
2022-05-18T22:00:00,0.07
2022-05-18T23:00:00,-0.21
2022-05-19T00:00:00,0.37
2022-05-19T01:00:00,0.06
2022-05-19T02:00:00,0.21
2022-05-19T03:00:00,0.15
2022-05-19T04:00:00,0.04
2022-05-19T05:00:00,-0.21
2022-05-19T06:00:00,0.0
2022-05-19T07:00:00,0.07
2022-05-19T08:00:00,0.35
2022-05-19T09:00:00,-0.23
2022-05-19T10:00:00,0.1
2022-05-19T11:00:00,0.18
2022-05-19T12:00:00,-0.33
2022-05-19T13:00:00,0.23
2022-05-19T14:00:00,0.1
2022-05-19T15:00:00,0.11
2022-05-19T16:00:00,0.15
2022-05-19T17:00:00,0.18
2022-05-19T18:00:00,0.02
2022-05-19T19:00:00,-0.12
2022-05-19T20:00:00,-0.06
2022-05-19T21:00:00,-0.0
2022-05-19T22:00:00,-0.02
2022-05-19T23:00:00,0.05
2022-05-20T00:00:00,-0.13
2022-05-20T01:00:00,0.27
2022-05-20T02:00:00,-0.05
2022-05-20T03:00:00,-0.13
2022-05-20T04:00:00,0.1
2022-05-20T05:00:00,0.12
2022-05-20T06:00:00,-0.2
2022-05-20T07:00:00,0.07
2022-05-20T08:00:00,0.08
2022-05-20T09:00:00,0.07
2022-05-20T10:00:00,0.07
2022-05-20T11:00:00,-0.11
2022-05-20T12:00:00,-0.35
2022-05-20T13:00:00,0.18
2022-05-20T14:00:00,-0.2
2022-05-20T15:00:00,-0.07
2022-05-20T16:00:00,-0.1
2022-05-20T17:00:00,0.01
2022-05-20T18:00:00,-0.07
2022-05-20T19:00:00,0.15
2022-05-20T20:00:00,0.11
2022-05-22T21:00:00,0.04
2022-05-22T22:00:00,0.06
2022-05-22T23:00:00,-0.12
2022-05-23T00:00:00,0.01
2022-05-23T01:00:00,-0.14
2022-05-23T02:00:00,0.06
2022-05-23T03:00:00,-0.0
2022-05-23T04:00:00,0.03
2022-05-23T05:00:00,0.28
2022-05-23T06:00:00,0.02
2022-05-23T07:00:00,-0.07
2022-05-23T08:00:00,0.18
2022-05-23T09:00:00,0.23
2022-05-23T10:00:00,0.01
2022-05-23T11:00:00,-0.06
2022-05-23T12:00:00,0.43
2022-05-23T13:00:00,-0.17
2022-05-23T14:00:00,0.03
2022-05-23T15:00:00,-0.01
2022-05-23T16:00:00,0.04
2022-05-23T17:00:00,-0.01
2022-05-23T18:00:00,0.13
2022-05-23T19:00:00,-0.06
2022-05-23T20:00:00,0.06
2022-05-23T21:00:00,0.0
2022-05-23T22:00:00,-0.05
2022-05-23T23:00:00,-0.0
2022-05-24T00:00:00,-0.11
2022-05-24T01:00:00,0.12
2022-05-24T02:00:00,-0.15
2022-05-24T03:00:00,0.05
2022-05-24T04:00:00,-0.13
2022-05-24T05:00:00,0.0
2022-05-24T06:00:00,0.07
2022-05-24T07:00:00,0.12
2022-05-24T08:00:00,0.01
2022-05-24T09:00:00,-0.23
2022-05-24T10:00:00,-0.07
2022-05-24T11:00:00,0.1
2022-05-24T12:00:00,-0.02
2022-05-24T13:00:00,-0.06
2022-05-24T14:00:00,-0.06
2022-05-24T15:00:00,-0.01
2022-05-24T16:00:00,0.01
