date,trend,signal
2021-11-29T06:00:00,2,1
2021-11-29T07:00:00,0,-1
2021-11-29T08:00:00,0,0
2021-11-29T09:00:00,0,1
2021-11-29T10:00:00,0,-1
2021-11-29T11:00:00,2,1
2021-11-29T12:00:00,2,1
2021-11-29T13:00:00,2,0
2021-11-29T14:00:00,0,-1
2021-11-29T15:00:00,0,0
2021-11-29T16:00:00,0,0
2021-11-29T17:00:00,0,0
2021-11-29T18:00:00,0,0
2021-11-29T19:00:00,0,0
2021-11-29T20:00:00,0,0
2021-11-29T21:00:00,0,1
2021-11-29T22:00:00,0,0
2021-11-29T23:00:00,0,0
2021-11-30T00:00:00,0,0
2021-11-30T01:00:00,0,1
2021-11-30T02:00:00,-2,0
2021-11-30T03:00:00,0,0
2021-11-30T04:00:00,0,0
2021-11-30T05:00:00,0,0
2021-11-30T06:00:00,-2,-1
2021-11-30T07:00:00,-2,-1
2021-11-30T08:00:00,-2,1
2021-11-30T09:00:00,0,1
2021-11-30T10:00:00,0,1
2021-11-30T11:00:00,0,-1
2021-11-30T12:00:00,0,-1
2021-11-30T13:00:00,0,1
2021-11-30T14:00:00,0,1
2021-11-30T15:00:00,0,-1
2021-11-30T16:00:00,0,0
2021-11-30T17:00:00,0,1
2021-11-30T18:00:00,0,1
2021-11-30T19:00:00,0,0
2021-11-30T20:00:00,0,1
2021-11-30T21:00:00,0,-1
2021-11-30T22:00:00,0,1
2021-11-30T23:00:00,2,-1
2021-12-01T00:00:00,0,1
2021-12-01T01:00:00,0,-1
2021-12-01T02:00:00,0,0
2021-12-01T03:00:00,0,0
2021-12-01T04:00:00,0,0
2021-12-01T05:00:00,0,1
2021-12-01T06:00:00,0,0
2021-12-01T07:00:00,0,1
2021-12-01T08:00:00,0,0
2021-12-01T09:00:00,0,0
2021-12-01T10:00:00,-2,0
2021-12-01T11:00:00,-2,1
2021-12-01T12:00:00,-2,-1
2021-12-01T13:00:00,-2,0
2021-12-01T14:00:00,-2,1
2021-12-01T15:00:00,0,-1
2021-12-01T16:00:00,0,0
2021-12-01T17:00:00,0,0
2021-12-01T18:00:00,0,0
2021-12-01T19:00:00,0,-1
2021-12-01T20:00:00,0,0
2021-12-01T21:00:00,2,1
2021-12-01T22:00:00,0,0
2021-12-01T23:00:00,0,1
2021-12-02T00:00:00,0,0
2021-12-02T01:00:00,0,0
2021-12-02T02:00:00,0,0
2021-12-02T03:00:00,2,0
2021-12-02T04:00:00,0,0
2021-12-02T05:00:00,2,0
2021-12-02T06:00:00,2,0
2021-12-02T07:00:00,2,-1
2021-12-02T08:00:00,0,0
2021-12-02T09:00:00,-2,0
2021-12-02T10:00:00,-2,-1
2021-12-02T11:00:00,-2,1
2021-12-02T12:00:00,-2,1
2021-12-02T13:00:00,0,0
2021-12-02T14:00:00,2,0
2021-12-02T15:00:00,2,0
2021-12-02T16:00:00,2,0
2021-12-02T17:00:00,2,-1
2021-12-02T18:00:00,2,0
2021-12-02T19:00:00,2,0
2021-12-02T20:00:00,0,1
2021-12-02T21:00:00,0,1
2021-12-02T22:00:00,2,-1
2021-12-02T23:00:00,0,1
2021-12-03T00:00:00,0,-1
2021-12-03T01:00:00,0,0
2021-12-03T02:00:00,2,0
2021-12-03T03:00:00,2,-1
2021-12-03T04:00:00,0,0
2021-12-03T05:00:00,2,0
2021-12-03T06:00:00,2,0
2021-12-03T07:00:00,0,0
2021-12-03T08:00:00,0,-1
2021-12-03T09:00:00,-2,0
2021-12-03T10:00:00,0,0
2021-12-03T11:00:00,0,0
2021-12-03T12:00:00,0,0
2021-12-03T13:00:00,0,0
2021-12-03T14:00:00,0,-1
2021-12-03T15:00:00,0,0
2021-12-03T16:00:00,0,1
2021-12-03T17:00:00,-2,-1
2021-12-03T18:00:00,-2,1
2021-12-03T19:00:00,-2,0
2021-12-03T20:00:00,2,0
2021-12-03T21:00:00,2,-1
2021-12-05T22:00:00,2,0
2021-12-05T23:00:00,2,0
2021-12-06T00:00:00,0,0
2021-12-06T01:00:00,0,0
2021-12-06T02:00:00,-2,0
2021-12-06T03:00:00,0,0
2021-12-06T04:00:00,0,0
2021-12-06T05:00:00,2,1
2021-12-06T06:00:00,2,0
2021-12-06T07:00:00,0,0
2021-12-06T08:00:00,0,0
2021-12-06T09:00:00,0,-1
2021-12-06T10:00:00,0,-1
2021-12-06T11:00:00,0,0
2021-12-06T12:00:00,0,0
2021-12-06T13:00:00,2,0
2021-12-06T14:00:00,2,1
2021-12-06T15:00:00,2,-1
2021-12-06T16:00:00,2,1
2021-12-06T17:00:00,2,0
2021-12-06T18:00:00,0,0
2021-12-06T19:00:00,0,0
2021-12-06T20:00:00,0,1
2021-12-06T21:00:00,0,0
2021-12-06T22:00:00,0,0
2021-12-06T23:00:00,2,1
2021-12-07T00:00:00,0,0
2021-12-07T01:00:00,0,-1
2021-12-07T02:00:00,0,1
2021-12-07T03:00:00,0,1
2021-12-07T04:00:00,0,0
2021-12-07T05:00:00,0,-1
2021-12-07T06:00:00,0,0
2021-12-07T07:00:00,0,1
2021-12-07T08:00:00,0,-1
2021-12-07T09:00:00,0,0
2021-12-07T10:00:00,0,0
2021-12-07T11:00:00,0,1
2021-12-07T12:00:00,2,1
2021-12-07T13:00:00,2,-1
2021-12-07T14:00:00,0,0
2021-12-07T15:00:00,0,0
2021-12-07T16:00:00,0,1
2021-12-07T17:00:00,-2,-1
2021-12-07T18:00:00,-2,0
2021-12-07T19:00:00,-2,0
2021-12-07T20:00:00,-2,1
2021-12-07T21:00:00,0,0
2021-12-07T22:00:00,0,-1
2021-12-07T23:00:00,-2,1
2021-12-08T00:00:00,0,-1
2021-12-08T01:00:00,0,0
2021-12-08T02:00:00,0,0
2021-12-08T03:00:00,0,1
2021-12-08T04:00:00,0,0
2021-12-08T05:00:00,0,-1
2021-12-08T06:00:00,0,0
2021-12-08T07:00:00,0,0
2021-12-08T08:00:00,0,-1
2021-12-08T09:00:00,2,0
2021-12-08T10:00:00,2,1
2021-12-08T11:00:00,2,-1
2021-12-08T12:00:00,2,0
2021-12-08T13:00:00,0,0
2021-12-08T14:00:00,0,0
2021-12-08T15:00:00,0,0
2021-12-08T16:00:00,-2,-1
2021-12-08T17:00:00,-2,1
2021-12-08T18:00:00,-2,0
2021-12-08T19:00:00,-2,0
2021-12-08T20:00:00,0,1
2021-12-08T21:00:00,2,0
2021-12-08T22:00:00,2,-1
2021-12-08T23:00:00,2,1
2021-12-09T00:00:00,0,-1
2021-12-09T01:00:00,0,0
2021-12-09T02:00:00,-2,-1
2021-12-09T03:00:00,-2,0
2021-12-09T04:00:00,-2,1
2021-12-09T05:00:00,-2,-1
2021-12-09T06:00:00,0,0
2021-12-09T07:00:00,0,0
2021-12-09T08:00:00,0,1
2021-12-09T09:00:00,0,-1
2021-12-09T10:00:00,0,-1
2021-12-09T11:00:00,0,-1
2021-12-09T12:00:00,0,0
2021-12-09T13:00:00,0,1
2021-12-09T14:00:00,0,0
2021-12-09T15:00:00,2,0
2021-12-09T16:00:00,2,0
2021-12-09T17:00:00,0,0
2021-12-09T18:00:00,0,0
2021-12-09T19:00:00,-2,0
2021-12-09T20:00:00,-2,0
2021-12-09T21:00:00,-2,0
2021-12-09T22:00:00,-2,-1
2021-12-09T23:00:00,-2,0
2021-12-10T00:00:00,0,0
2021-12-10T01:00:00,0,1
2021-12-10T02:00:00,0,0
2021-12-10T03:00:00,2,0
2021-12-10T04:00:00,0,-1
2021-12-10T05:00:00,0,0
2021-12-10T06:00:00,2,0
2021-12-10T07:00:00,2,1
2021-12-10T08:00:00,2,-1
2021-12-10T09:00:00,2,1
2021-12-10T10:00:00,2,0
2021-12-10T11:00:00,0,-1
2021-12-10T12:00:00,-2,-1
2021-12-10T13:00:00,-2,0
2021-12-10T14:00:00,-2,0
2021-12-10T15:00:00,-2,-1
2021-12-10T16:00:00,0,0
2021-12-10T17:00:00,0,0
2021-12-10T18:00:00,2,-1
2021-12-10T19:00:00,2,0
2021-12-10T20:00:00,2,0
2021-12-10T21:00:00,2,1
2021-12-12T22:00:00,2,0
2021-12-12T23:00:00,2,0
2021-12-13T00:00:00,2,-1
2021-12-13T01:00:00,2,0
2021-12-13T02:00:00,0,0
2021-12-13T03:00:00,0,-1
2021-12-13T04:00:00,0,0
2021-12-13T05:00:00,0,0
2021-12-13T06:00:00,0,0
2021-12-13T07:00:00,0,1
2021-12-13T08:00:00,0,0
2021-12-13T09:00:00,2,-1
2021-12-13T10:00:00,2,0
2021-12-13T11:00:00,-2,0
2021-12-13T12:00:00,-2,1
2021-12-13T13:00:00,-2,-1
2021-12-13T14:00:00,0,0
2021-12-13T15:00:00,0,0
2021-12-13T16:00:00,0,1
2021-12-13T17:00:00,-2,0
2021-12-13T18:00:00,2,1
2021-12-13T19:00:00,2,0
2021-12-13T20:00:00,2,0
2021-12-13T21:00:00,2,0
2021-12-13T22:00:00,2,-1
2021-12-13T23:00:00,0,1
2021-12-14T00:00:00,0,0
2021-12-14T01:00:00,0,0
2021-12-14T02:00:00,0,-1
2021-12-14T03:00:00,0,0
2021-12-14T04:00:00,-2,1
2021-12-14T05:00:00,0,0
2021-12-14T06:00:00,0,0
2021-12-14T07:00:00,0,-1
2021-12-14T08:00:00,0,0
2021-12-14T09:00:00,0,0
2021-12-14T10:00:00,-2,1
2021-12-14T11:00:00,-2,0
2021-12-14T12:00:00,0,0
2021-12-14T13:00:00,0,0
2021-12-14T14:00:00,0,0
2021-12-14T15:00:00,0,-1
2021-12-14T16:00:00,0,0
2021-12-14T17:00:00,0,0
2021-12-14T18:00:00,2,0
2021-12-14T19:00:00,2,-1
2021-12-14T20:00:00,2,1
2021-12-14T21:00:00,2,0
2021-12-14T22:00:00,2,-1
2021-12-14T23:00:00,0,0
2021-12-15T00:00:00,0,0
2021-12-15T01:00:00,0,0
2021-12-15T02:00:00,0,0
2021-12-15T03:00:00,0,0
2021-12-15T04:00:00,0,-1
2021-12-15T05:00:00,0,-1
2021-12-15T06:00:00,0,1
2021-12-15T07:00:00,0,0
2021-12-15T08:00:00,0,0
2021-12-15T09:00:00,2,1
2021-12-15T10:00:00,2,0
2021-12-15T11:00:00,2,0
2021-12-15T12:00:00,2,0
2021-12-15T13:00:00,0,0
2021-12-15T14:00:00,0,0
2021-12-15T15:00:00,0,0
2021-12-15T16:00:00,0,1
2021-12-15T17:00:00,0,0
2021-12-15T18:00:00,0,0
2021-12-15T19:00:00,0,-1
2021-12-15T20:00:00,0,0
2021-12-15T21:00:00,0,0
2021-12-15T22:00:00,0,1
2021-12-15T23:00:00,2,-1
2021-12-16T00:00:00,0,-1
2021-12-16T01:00:00,0,0
2021-12-16T02:00:00,0,0
2021-12-16T03:00:00,0,0
2021-12-16T04:00:00,0,1
2021-12-16T05:00:00,0,0
2021-12-16T06:00:00,0,-1
2021-12-16T07:00:00,0,0
2021-12-16T08:00:00,0,0
2021-12-16T09:00:00,0,0
2021-12-16T10:00:00,0,0
2021-12-16T11:00:00,0,0
2021-12-16T12:00:00,-2,0
2021-12-16T13:00:00,-2,0
2021-12-16T14:00:00,-2,0
2021-12-16T15:00:00,0,0
2021-12-16T16:00:00,0,0
2021-12-16T17:00:00,0,1
2021-12-16T18:00:00,0,-1
2021-12-16T19:00:00,0,0
2021-12-16T20:00:00,0,0
2021-12-16T21:00:00,0,0
2021-12-16T22:00:00,0,-1
2021-12-16T23:00:00,2,1
2021-12-17T00:00:00,0,0
2021-12-17T01:00:00,0,1
2021-12-17T02:00:00,0,0
2021-12-17T03:00:00,0,0
2021-12-17T04:00:00,-2,0
2021-12-17T05:00:00,0,0
2021-12-17T06:00:00,2,0
2021-12-17T07:00:00,2,-1
2021-12-17T08:00:00,0,0
2021-12-17T09:00:00,0,0
2021-12-17T10:00:00,0,0
2021-12-17T11:00:00,0,-1
2021-12-17T12:00:00,0,1
2021-12-17T13:00:00,0,0
2021-12-17T14:00:00,2,1
2021-12-17T15:00:00,2,-1
2021-12-17T16:00:00,2,1
2021-12-17T17:00:00,2,1
2021-12-17T18:00:00,0,-1
2021-12-17T19:00:00,0,1
2021-12-17T20:00:00,0,0
2021-12-17T21:00:00,0,0
2021-12-19T22:00:00,0,0
2021-12-19T23:00:00,0,0
2021-12-20T00:00:00,0,0
2021-12-20T01:00:00,0,0
2021-12-20T02:00:00,0,-1
2021-12-20T03:00:00,0,1
2021-12-20T04:00:00,0,0
2021-12-20T05:00:00,0,-1
2021-12-20T06:00:00,0,1
2021-12-20T07:00:00,0,0
2021-12-20T08:00:00,2,1
2021-12-20T09:00:00,2,0
2021-12-20T10:00:00,0,0
2021-12-20T11:00:00,0,0
2021-12-20T12:00:00,0,0
2021-12-20T13:00:00,-2,0
2021-12-20T14:00:00,-2,0
2021-12-20T15:00:00,-2,0
2021-12-20T16:00:00,2,0
2021-12-20T17:00:00,2,0
2021-12-20T18:00:00,2,0
2021-12-20T19:00:00,2,-1
2021-12-20T20:00:00,2,0
2021-12-20T21:00:00,0,1
2021-12-20T22:00:00,0,0
2021-12-20T23:00:00,0,-1
2021-12-21T00:00:00,0,0
2021-12-21T01:00:00,0,0
2021-12-21T02:00:00,0,0
2021-12-21T03:00:00,2,0
2021-12-21T04:00:00,2,0
2021-12-21T05:00:00,0,-1
2021-12-21T06:00:00,0,-1
2021-12-21T07:00:00,0,0
2021-12-21T08:00:00,0,1
2021-12-21T09:00:00,0,1
2021-12-21T10:00:00,0,-1
2021-12-21T11:00:00,0,0
2021-12-21T12:00:00,2,0
2021-12-21T13:00:00,2,1
2021-12-21T14:00:00,2,1
2021-12-21T15:00:00,2,-1
2021-12-21T16:00:00,2,0
2021-12-21T17:00:00,0,-1
2021-12-21T18:00:00,0,0
2021-12-21T19:00:00,0,1
2021-12-21T20:00:00,-2,-1
2021-12-21T21:00:00,-2,-1
2021-12-21T22:00:00,-2,0
2021-12-21T23:00:00,0,1
2021-12-22T00:00:00,0,-1
2021-12-22T01:00:00,0,0
2021-12-22T02:00:00,0,1
2021-12-22T03:00:00,0,-1
2021-12-22T04:00:00,0,0
2021-12-22T05:00:00,2,0
2021-12-22T06:00:00,0,0
2021-12-22T07:00:00,0,1
2021-12-22T08:00:00,0,-1
2021-12-22T09:00:00,0,-1
2021-12-22T10:00:00,0,0
2021-12-22T11:00:00,0,1
2021-12-22T12:00:00,0,0
2021-12-22T13:00:00,0,1
2021-12-22T14:00:00,0,0
2021-12-22T15:00:00,0,0
2021-12-22T16:00:00,0,0
2021-12-22T17:00:00,0,1
2021-12-22T18:00:00,-2,0
2021-12-22T19:00:00,-2,-1
2021-12-22T20:00:00,0,1
2021-12-22T21:00:00,0,0
2021-12-22T22:00:00,2,0
2021-12-22T23:00:00,2,0
2021-12-23T00:00:00,0,0
2021-12-23T01:00:00,0,1
2021-12-23T02:00:00,0,0
2021-12-23T03:00:00,2,0
2021-12-23T04:00:00,2,0
2021-12-23T05:00:00,0,0
2021-12-23T06:00:00,0,0
2021-12-23T07:00:00,0,1
2021-12-23T08:00:00,0,-1
2021-12-23T09:00:00,0,0
2021-12-23T10:00:00,0,0
2021-12-23T11:00:00,0,0
2021-12-23T12:00:00,0,-1
2021-12-23T13:00:00,0,0
2021-12-23T14:00:00,0,0
2021-12-23T15:00:00,0,0
2021-12-23T16:00:00,0,0
2021-12-23T17:00:00,0,0
2021-12-23T18:00:00,0,0
2021-12-23T19:00:00,2,-1
2021-12-23T20:00:00,0,1
2021-12-23T21:00:00,2,0
2021-12-23T22:00:00,2,0
2021-12-23T23:00:00,0,-1
2021-12-24T00:00:00,0,1
2021-12-24T01:00:00,-2,1
2021-12-24T02:00:00,0,-1
2021-12-24T03:00:00,0,0
2021-12-24T04:00:00,0,1
2021-12-24T05:00:00,0,-1
2021-12-24T06:00:00,0,-1
2021-12-24T07:00:00,0,0
2021-12-24T08:00:00,0,0
2021-12-24T09:00:00,0,0
2021-12-24T10:00:00,0,0
2021-12-24T11:00:00,0,0
2021-12-24T12:00:00,0,0
2021-12-24T13:00:00,0,1
2021-12-24T14:00:00,0,1
2021-12-24T15:00:00,0,-1
2021-12-24T16:00:00,0,1
2021-12-24T17:00:00,-2,0
2021-12-24T18:00:00,0,0
2021-12-24T19:00:00,0,-1
2021-12-24T20:00:00,0,0
2021-12-24T21:00:00,0,0
2021-12-26T22:00:00,0,0
2021-12-26T23:00:00,2,1
2021-12-27T00:00:00,0,-1
2021-12-27T01:00:00,0,-1
2021-12-27T02:00:00,0,0
2021-12-27T03:00:00,0,0
2021-12-27T04:00:00,0,-1
2021-12-27T05:00:00,0,0
2021-12-27T06:00:00,2,0
2021-12-27T07:00:00,2,0
2021-12-27T08:00:00,2,-1
2021-12-27T09:00:00,2,0
2021-12-27T10:00:00,2,0
2021-12-27T11:00:00,0,0
2021-12-27T12:00:00,0,0
2021-12-27T13:00:00,0,0
2021-12-27T14:00:00,0,1
2021-12-27T15:00:00,0,-1
2021-12-27T16:00:00,0,1
2021-12-27T17:00:00,0,-1
2021-12-27T18:00:00,0,0
2021-12-27T19:00:00,0,0
2021-12-27T20:00:00,0,0
2021-12-27T21:00:00,-2,0
2021-12-27T22:00:00,-2,-1
2021-12-27T23:00:00,0,1
2021-12-28T00:00:00,0,0
2021-12-28T01:00:00,0,0
2021-12-28T02:00:00,2,1
2021-12-28T03:00:00,0,-1
2021-12-28T04:00:00,0,1
2021-12-28T05:00:00,0,0
2021-12-28T06:00:00,-2,0
2021-12-28T07:00:00,-2,0
2021-12-28T08:00:00,-2,0
2021-12-28T09:00:00,0,1
2021-12-28T10:00:00,0,-1
2021-12-28T11:00:00,0,-1
2021-12-28T12:00:00,0,0
2021-12-28T13:00:00,0,1
2021-12-28T14:00:00,0,-1
2021-12-28T15:00:00,0,0
2021-12-28T16:00:00,0,0
2021-12-28T17:00:00,0,1
2021-12-28T18:00:00,2,0
2021-12-28T19:00:00,0,0
2021-12-28T20:00:00,0,0
2021-12-28T21:00:00,0,-1
2021-12-28T22:00:00,0,0
2021-12-28T23:00:00,-2,1
2021-12-29T00:00:00,0,0
2021-12-29T01:00:00,0,0
2021-12-29T02:00:00,2,0
2021-12-29T03:00:00,2,0
2021-12-29T04:00:00,2,0
2021-12-29T05:00:00,2,-1
2021-12-29T06:00:00,2,0
2021-12-29T07:00:00,2,1
2021-12-29T08:00:00,2,0
2021-12-29T09:00:00,0,0
2021-12-29T10:00:00,-2,-1
2021-12-29T11:00:00,0,1
2021-12-29T12:00:00,0,0
2021-12-29T13:00:00,0,-1
2021-12-29T14:00:00,0,1
2021-12-29T15:00:00,0,0
2021-12-29T16:00:00,0,0
2021-12-29T17:00:00,0,0
2021-12-29T18:00:00,2,0
2021-12-29T19:00:00,2,1
2021-12-29T20:00:00,2,0
2021-12-29T21:00:00,0,0
2021-12-29T22:00:00,0,0
2021-12-29T23:00:00,0,0
2021-12-30T00:00:00,0,1
2021-12-30T01:00:00,0,0
2021-12-30T02:00:00,2,0
2021-12-30T03:00:00,0,0
2021-12-30T04:00:00,0,1
2021-12-30T05:00:00,0,-1
2021-12-30T06:00:00,0,-1
2021-12-30T07:00:00,0,1
2021-12-30T08:00:00,0,0
2021-12-30T09:00:00,0,0
2021-12-30T10:00:00,0,0
2021-12-30T11:00:00,0,0
2021-12-30T12:00:00,0,0
2021-12-30T13:00:00,0,0
2021-12-30T14:00:00,2,0
2021-12-30T15:00:00,2,1
2021-12-30T16:00:00,0,0
2021-12-30T17:00:00,0,0
2021-12-30T18:00:00,-2,0
2021-12-30T19:00:00,-2,0
2021-12-30T20:00:00,-2,0
2021-12-30T21:00:00,-2,0
2021-12-30T22:00:00,-2,-1
2021-12-30T23:00:00,-2,0
2021-12-31T00:00:00,-2,0
2021-12-31T01:00:00,2,0
2021-12-31T02:00:00,2,0
2021-12-31T03:00:00,2,0
2021-12-31T04:00:00,2,1
2021-12-31T05:00:00,0,0
2021-12-31T06:00:00,0,0
2021-12-31T07:00:00,0,0
2021-12-31T08:00:00,0,1
2021-12-31T09:00:00,0,0
2021-12-31T10:00:00,-2,0
2021-12-31T11:00:00,-2,0
2021-12-31T12:00:00,0,0
2021-12-31T13:00:00,0,0
2021-12-31T14:00:00,0,0
2021-12-31T15:00:00,0,0
2021-12-31T16:00:00,0,0
2021-12-31T17:00:00,0,1
2021-12-31T18:00:00,0,0
2021-12-31T19:00:00,0,-1
2021-12-31T20:00:00,0,0
2021-12-31T21:00:00,2,0
2022-01-02T22:00:00,2,1
2022-01-02T23:00:00,2,0
2022-01-03T00:00:00,2,0
2022-01-03T01:00:00,0,1
2022-01-03T02:00:00,0,0
2022-01-03T03:00:00,0,0
2022-01-03T04:00:00,0,0
2022-01-03T05:00:00,0,0
2022-01-03T06:00:00,0,0
2022-01-03T07:00:00,0,0
2022-01-03T08:00:00,-2,0
2022-01-03T09:00:00,-2,-1
2022-01-03T10:00:00,0,0
2022-01-03T11:00:00,0,0
2022-01-03T12:00:00,0,0
2022-01-03T13:00:00,0,0
2022-01-03T14:00:00,0,0
2022-01-03T15:00:00,0,0
2022-01-03T16:00:00,0,1
2022-01-03T17:00:00,0,0
2022-01-03T18:00:00,0,0
2022-01-03T19:00:00,0,0
2022-01-03T20:00:00,0,0
2022-01-03T21:00:00,0,0
2022-01-03T22:00:00,0,0
2022-01-03T23:00:00,0,1
2022-01-04T00:00:00,0,0
2022-01-04T01:00:00,2,1
2022-01-04T02:00:00,2,-1
2022-01-04T03:00:00,2,0
2022-01-04T04:00:00,2,0
2022-01-04T05:00:00,2,0
2022-01-04T06:00:00,2,0
2022-01-04T07:00:00,2,1
2022-01-04T08:00:00,2,-1
2022-01-04T09:00:00,2,0
2022-01-04T10:00:00,2,1
2022-01-04T11:00:00,2,-1
2022-01-04T12:00:00,2,-1
2022-01-04T13:00:00,0,0
2022-01-04T14:00:00,0,0
2022-01-04T15:00:00,0,0
2022-01-04T16:00:00,0,0
2022-01-04T17:00:00,0,0
2022-01-04T18:00:00,0,0
2022-01-04T19:00:00,0,0
2022-01-04T20:00:00,2,1
2022-01-04T21:00:00,2,1
2022-01-04T22:00:00,2,-1
2022-01-04T23:00:00,2,0
2022-01-05T00:00:00,0,-1
2022-01-05T01:00:00,-2,1
2022-01-05T02:00:00,0,0
2022-01-05T03:00:00,0,0
2022-01-05T04:00:00,0,-1
2022-01-05T05:00:00,0,0
2022-01-05T06:00:00,0,1
2022-01-05T07:00:00,-2,0
2022-01-05T08:00:00,-2,0
2022-01-05T09:00:00,-2,-1
2022-01-05T10:00:00,-2,0
2022-01-05T11:00:00,-2,1
2022-01-05T12:00:00,0,-1
2022-01-05T13:00:00,0,-1
2022-01-05T14:00:00,0,1
2022-01-05T15:00:00,0,1
2022-01-05T16:00:00,0,0
2022-01-05T17:00:00,2,0
2022-01-05T18:00:00,0,0
2022-01-05T19:00:00,0,0
2022-01-05T20:00:00,0,0
2022-01-05T21:00:00,0,1
2022-01-05T22:00:00,0,0
2022-01-05T23:00:00,-2,-1
2022-01-06T00:00:00,-2,-1
2022-01-06T01:00:00,0,1
2022-01-06T02:00:00,0,0
2022-01-06T03:00:00,0,0
2022-01-06T04:00:00,0,0
2022-01-06T05:00:00,0,0
2022-01-06T06:00:00,0,-1
2022-01-06T07:00:00,0,0
2022-01-06T08:00:00,-2,0
2022-01-06T09:00:00,0,0
2022-01-06T10:00:00,0,0
2022-01-06T11:00:00,0,0
2022-01-06T12:00:00,-2,0
2022-01-06T13:00:00,0,0
2022-01-06T14:00:00,0,0
2022-01-06T15:00:00,0,0
2022-01-06T16:00:00,2,0
2022-01-06T17:00:00,2,0
2022-01-06T18:00:00,2,0
2022-01-06T19:00:00,2,-1
2022-01-06T20:00:00,0,-1
2022-01-06T21:00:00,-2,1
2022-01-06T22:00:00,0,1
2022-01-06T23:00:00,0,0
2022-01-07T00:00:00,0,-1
2022-01-07T01:00:00,0,0
2022-01-07T02:00:00,0,0
2022-01-07T03:00:00,2,1
2022-01-07T04:00:00,2,0
2022-01-07T05:00:00,0,0
2022-01-07T06:00:00,0,-1
2022-01-07T07:00:00,-2,0
2022-01-07T08:00:00,-2,0
2022-01-07T09:00:00,-2,0
2022-01-07T10:00:00,0,0
2022-01-07T11:00:00,0,1
2022-01-07T12:00:00,0,-1
2022-01-07T13:00:00,0,0
2022-01-07T14:00:00,0,0
2022-01-07T15:00:00,0,0
2022-01-07T16:00:00,0,0
2022-01-07T17:00:00,0,-1
2022-01-07T18:00:00,0,0
2022-01-07T19:00:00,-2,0
2022-01-07T20:00:00,0,-1
2022-01-07T21:00:00,0,-1
2022-01-09T22:00:00,-2,0
2022-01-09T23:00:00,0,-1
2022-01-10T00:00:00,0,1
2022-01-10T01:00:00,2,1
2022-01-10T02:00:00,2,-1
2022-01-10T03:00:00,2,-1
2022-01-10T04:00:00,2,0
2022-01-10T05:00:00,0,0
2022-01-10T06:00:00,-2,0
2022-01-10T07:00:00,-2,0
2022-01-10T08:00:00,-2,0
2022-01-10T09:00:00,-2,-1
2022-01-10T10:00:00,0,0
2022-01-10T11:00:00,0,1
2022-01-10T12:00:00,0,1
2022-01-10T13:00:00,0,-1
2022-01-10T14:00:00,0,-1
2022-01-10T15:00:00,-2,1
2022-01-10T16:00:00,-2,0
2022-01-10T17:00:00,0,0
2022-01-10T18:00:00,0,-1
2022-01-10T19:00:00,0,0
2022-01-10T20:00:00,0,0
2022-01-10T21:00:00,0,1
2022-01-10T22:00:00,0,0
2022-01-10T23:00:00,0,0
2022-01-11T00:00:00,0,0
2022-01-11T01:00:00,0,0
2022-01-11T02:00:00,0,0
2022-01-11T03:00:00,-2,0
2022-01-11T04:00:00,-2,1
2022-01-11T05:00:00,-2,0
2022-01-11T06:00:00,-2,0
2022-01-11T07:00:00,0,0
2022-01-11T08:00:00,0,0
2022-01-11T09:00:00,2,0
2022-01-11T10:00:00,2,-1
2022-01-11T11:00:00,2,1
2022-01-11T12:00:00,2,1
2022-01-11T13:00:00,2,-1
2022-01-11T14:00:00,0,0
2022-01-11T15:00:00,0,1
2022-01-11T16:00:00,0,0
2022-01-11T17:00:00,0,-1
2022-01-11T18:00:00,0,0
2022-01-11T19:00:00,-2,0
2022-01-11T20:00:00,-2,0
2022-01-11T21:00:00,-2,0
2022-01-11T22:00:00,-2,-1
2022-01-11T23:00:00,-2,-1
2022-01-12T00:00:00,0,1
2022-01-12T01:00:00,0,0
2022-01-12T02:00:00,0,0
2022-01-12T03:00:00,0,0
2022-01-12T04:00:00,2,-1
2022-01-12T05:00:00,0,0
2022-01-12T06:00:00,0,1
2022-01-12T07:00:00,0,0
2022-01-12T08:00:00,0,1
2022-01-12T09:00:00,2,1
2022-01-12T10:00:00,0,0
2022-01-12T11:00:00,0,0
2022-01-12T12:00:00,0,0
2022-01-12T13:00:00,0,0
2022-01-12T14:00:00,-2,0
2022-01-12T15:00:00,-2,1
2022-01-12T16:00:00,-2,0
2022-01-12T17:00:00,-2,1
2022-01-12T18:00:00,-2,-1
2022-01-12T19:00:00,-2,1
2022-01-12T20:00:00,2,0
2022-01-12T21:00:00,2,-1
2022-01-12T22:00:00,2,-1
2022-01-12T23:00:00,2,-1
2022-01-13T00:00:00,-2,0
2022-01-13T01:00:00,-2,0
2022-01-13T02:00:00,-2,0
2022-01-13T03:00:00,-2,1
2022-01-13T04:00:00,-2,0
2022-01-13T05:00:00,0,0
2022-01-13T06:00:00,0,-1
2022-01-13T07:00:00,0,1
2022-01-13T08:00:00,0,1
2022-01-13T09:00:00,0,0
2022-01-13T10:00:00,-2,-1
2022-01-13T11:00:00,-2,-1
2022-01-13T12:00:00,-2,0
2022-01-13T13:00:00,-2,0
2022-01-13T14:00:00,-2,0
2022-01-13T15:00:00,0,0
2022-01-13T16:00:00,0,1
2022-01-13T17:00:00,0,0
2022-01-13T18:00:00,0,-1
2022-01-13T19:00:00,0,0
2022-01-13T20:00:00,0,0
2022-01-13T21:00:00,0,-1
2022-01-13T22:00:00,0,-1
2022-01-13T23:00:00,-2,0
2022-01-14T00:00:00,-2,1
2022-01-14T01:00:00,-2,0
2022-01-14T02:00:00,-2,0
2022-01-14T03:00:00,-2,0
2022-01-14T04:00:00,0,-1
2022-01-14T05:00:00,0,0
2022-01-14T06:00:00,2,-1
2022-01-14T07:00:00,2,0
2022-01-14T08:00:00,2,0
2022-01-14T09:00:00,0,-1
2022-01-14T10:00:00,0,0
2022-01-14T11:00:00,0,0
2022-01-14T12:00:00,0,0
2022-01-14T13:00:00,0,0
2022-01-14T14:00:00,0,0
2022-01-14T15:00:00,2,0
2022-01-14T16:00:00,2,1
2022-01-14T17:00:00,2,-1
2022-01-14T18:00:00,2,0
2022-01-14T19:00:00,0,1
2022-01-14T20:00:00,0,0
2022-01-14T21:00:00,2,1
2022-01-16T22:00:00,2,0
2022-01-16T23:00:00,2,0
2022-01-17T00:00:00,2,1
2022-01-17T01:00:00,2,-1
2022-01-17T02:00:00,0,0
2022-01-17T03:00:00,0,0
2022-01-17T04:00:00,0,1
2022-01-17T05:00:00,0,-1
2022-01-17T06:00:00,0,0
2022-01-17T07:00:00,0,1
2022-01-17T08:00:00,0,1
2022-01-17T09:00:00,0,-1
2022-01-17T10:00:00,2,0
2022-01-17T11:00:00,0,1
2022-01-17T12:00:00,0,0
2022-01-17T13:00:00,2,1
2022-01-17T14:00:00,0,0
2022-01-17T15:00:00,0,-1
2022-01-17T16:00:00,0,1
2022-01-17T17:00:00,2,0
2022-01-17T18:00:00,0,0
2022-01-17T19:00:00,0,1
2022-01-17T20:00:00,0,0
2022-01-17T21:00:00,0,0
2022-01-17T22:00:00,-2,-1
2022-01-17T23:00:00,0,0
2022-01-18T00:00:00,0,1
2022-01-18T01:00:00,2,1
2022-01-18T02:00:00,2,0
2022-01-18T03:00:00,2,-1
2022-01-18T04:00:00,2,0
2022-01-18T05:00:00,0,0
2022-01-18T06:00:00,-2,0
2022-01-18T07:00:00,-2,0
2022-01-18T08:00:00,0,0
2022-01-18T09:00:00,0,0
2022-01-18T10:00:00,0,-1
2022-01-18T11:00:00,0,-1
2022-01-18T12:00:00,0,0
2022-01-18T13:00:00,0,0
2022-01-18T14:00:00,0,1
2022-01-18T15:00:00,0,1
2022-01-18T16:00:00,0,0
2022-01-18T17:00:00,0,0
2022-01-18T18:00:00,0,-1
2022-01-18T19:00:00,0,0
2022-01-18T20:00:00,0,0
2022-01-18T21:00:00,0,-1
2022-01-18T22:00:00,0,1
2022-01-18T23:00:00,0,1
2022-01-19T00:00:00,2,-1
2022-01-19T01:00:00,2,0
2022-01-19T02:00:00,-2,-1
2022-01-19T03:00:00,-2,-1
2022-01-19T04:00:00,-2,1
2022-01-19T05:00:00,-2,1
2022-01-19T06:00:00,-2,1
2022-01-19T07:00:00,0,0
2022-01-19T08:00:00,0,0
2022-01-19T09:00:00,0,0
2022-01-19T10:00:00,0,0
2022-01-19T11:00:00,0,0
2022-01-19T12:00:00,-2,0
2022-01-19T13:00:00,-2,0
2022-01-19T14:00:00,-2,1
2022-01-19T15:00:00,-2,0
2022-01-19T16:00:00,-2,0
2022-01-19T17:00:00,-2,0
2022-01-19T18:00:00,0,-1
2022-01-19T19:00:00,0,0
2022-01-19T20:00:00,0,0
2022-01-19T21:00:00,0,0
2022-01-19T22:00:00,2,-1
2022-01-19T23:00:00,0,-1
2022-01-20T00:00:00,0,0
2022-01-20T01:00:00,0,1
2022-01-20T02:00:00,2,0
2022-01-20T03:00:00,2,-1
2022-01-20T04:00:00,2,-1
2022-01-20T05:00:00,2,0
2022-01-20T06:00:00,-2,-1
2022-01-20T07:00:00,-2,0
2022-01-20T08:00:00,-2,1
2022-01-20T09:00:00,0,1
2022-01-20T10:00:00,0,1
2022-01-20T11:00:00,-2,-1
2022-01-20T12:00:00,-2,0
2022-01-20T13:00:00,-2,1
2022-01-20T14:00:00,-2,0
2022-01-20T15:00:00,-2,1
2022-01-20T16:00:00,0,-1
2022-01-20T17:00:00,0,0
2022-01-20T18:00:00,0,0
2022-01-20T19:00:00,0,0
2022-01-20T20:00:00,0,0
2022-01-20T21:00:00,0,1
2022-01-20T22:00:00,0,0
2022-01-20T23:00:00,0,0
2022-01-21T00:00:00,-2,0
2022-01-21T01:00:00,-2,-1
2022-01-21T02:00:00,-2,1
2022-01-21T03:00:00,0,-1
2022-01-21T04:00:00,2,0
2022-01-21T05:00:00,2,0
2022-01-21T06:00:00,2,1
2022-01-21T07:00:00,2,1
2022-01-21T08:00:00,0,-1
2022-01-21T09:00:00,0,-1
2022-01-21T10:00:00,-2,0
2022-01-21T11:00:00,-2,0
2022-01-21T12:00:00,-2,0
2022-01-21T13:00:00,-2,0
2022-01-21T14:00:00,-2,0
2022-01-21T15:00:00,0,0
2022-01-21T16:00:00,0,0
2022-01-21T17:00:00,0,0
2022-01-21T18:00:00,0,0
2022-01-21T19:00:00,0,0
2022-01-21T20:00:00,0,0
2022-01-21T21:00:00,0,0
2022-01-23T22:00:00,0,0
2022-01-23T23:00:00,0,0
2022-01-24T00:00:00,2,0
2022-01-24T01:00:00,2,0
2022-01-24T02:00:00,2,1
2022-01-24T03:00:00,0,0
2022-01-24T04:00:00,0,0
2022-01-24T05:00:00,0,0
2022-01-24T06:00:00,0,-1
2022-01-24T07:00:00,0,0
2022-01-24T08:00:00,0,0
2022-01-24T09:00:00,0,1
2022-01-24T10:00:00,0,0
2022-01-24T11:00:00,0,-1
2022-01-24T12:00:00,0,0
2022-01-24T13:00:00,0,0
2022-01-24T14:00:00,0,0
2022-01-24T15:00:00,0,-1
2022-01-24T16:00:00,-2,0
2022-01-24T17:00:00,0,1
2022-01-24T18:00:00,0,0
2022-01-24T19:00:00,0,0
2022-01-24T20:00:00,0,-1
2022-01-24T21:00:00,0,0
2022-01-24T22:00:00,0,0
2022-01-24T23:00:00,0,0
2022-01-25T00:00:00,0,-1
2022-01-25T01:00:00,0,1
2022-01-25T02:00:00,0,0
2022-01-25T03:00:00,0,0
2022-01-25T04:00:00,0,0
2022-01-25T05:00:00,2,0
2022-01-25T06:00:00,2,-1
2022-01-25T07:00:00,2,0
2022-01-25T08:00:00,2,1
2022-01-25T09:00:00,2,0
2022-01-25T10:00:00,0,0
2022-01-25T11:00:00,0,0
2022-01-25T12:00:00,0,-1
2022-01-25T13:00:00,-2,1
2022-01-25T14:00:00,-2,0
2022-01-25T15:00:00,0,0
2022-01-25T16:00:00,0,0
2022-01-25T17:00:00,0,0
2022-01-25T18:00:00,0,0
2022-01-25T19:00:00,0,0
2022-01-25T20:00:00,-2,-1
2022-01-25T21:00:00,0,0
2022-01-25T22:00:00,0,0
2022-01-25T23:00:00,0,0
2022-01-26T00:00:00,-2,0
2022-01-26T01:00:00,0,0
2022-01-26T02:00:00,0,0
2022-01-26T03:00:00,0,0
2022-01-26T04:00:00,2,0
2022-01-26T05:00:00,2,0
2022-01-26T06:00:00,2,0
2022-01-26T07:00:00,2,0
2022-01-26T08:00:00,0,-1
2022-01-26T09:00:00,0,0
2022-01-26T10:00:00,0,0
2022-01-26T11:00:00,2,0
2022-01-26T12:00:00,2,1
2022-01-26T13:00:00,2,-1
2022-01-26T14:00:00,2,0
2022-01-26T15:00:00,2,0
2022-01-26T16:00:00,2,0
2022-01-26T17:00:00,0,0
2022-01-26T18:00:00,0,0
2022-01-26T19:00:00,0,0
2022-01-26T20:00:00,0,0
2022-01-26T21:00:00,2,0
2022-01-26T22:00:00,2,0
2022-01-26T23:00:00,0,0
2022-01-27T00:00:00,0,0
2022-01-27T01:00:00,0,0
2022-01-27T02:00:00,0,1
2022-01-27T03:00:00,0,-1
2022-01-27T04:00:00,0,0
2022-01-27T05:00:00,2,0
2022-01-27T06:00:00,2,1
2022-01-27T07:00:00,2,0
2022-01-27T08:00:00,2,0
2022-01-27T09:00:00,2,0
2022-01-27T10:00:00,2,-1
2022-01-27T11:00:00,2,0
2022-01-27T12:00:00,2,0
2022-01-27T13:00:00,2,0
2022-01-27T14:00:00,2,0
2022-01-27T15:00:00,0,0
2022-01-27T16:00:00,0,-1
2022-01-27T17:00:00,0,0
2022-01-27T18:00:00,0,1
2022-01-27T19:00:00,0,0
2022-01-27T20:00:00,0,-1
2022-01-27T21:00:00,0,0
2022-01-27T22:00:00,0,1
2022-01-27T23:00:00,0,0
2022-01-28T00:00:00,0,-1
2022-01-28T01:00:00,0,-1
2022-01-28T02:00:00,0,0
2022-01-28T03:00:00,-2,0
2022-01-28T04:00:00,0,0
2022-01-28T05:00:00,2,0
2022-01-28T06:00:00,2,0
2022-01-28T07:00:00,0,-1
2022-01-28T08:00:00,0,0
2022-01-28T09:00:00,0,-1
2022-01-28T10:00:00,0,1
2022-01-28T11:00:00,-2,-1
2022-01-28T12:00:00,-2,0
2022-01-28T13:00:00,-2,0
2022-01-28T14:00:00,-2,1
2022-01-28T15:00:00,-2,1
2022-01-28T16:00:00,0,0
2022-01-28T17:00:00,0,0
2022-01-28T18:00:00,0,-1
2022-01-28T19:00:00,0,0
2022-01-28T20:00:00,-2,0
2022-01-28T21:00:00,0,0
2022-01-30T22:00:00,0,0
2022-01-30T23:00:00,0,1
2022-01-31T00:00:00,0,0
2022-01-31T01:00:00,0,0
2022-01-31T02:00:00,0,0
2022-01-31T03:00:00,0,-1
2022-01-31T04:00:00,-2,0
2022-01-31T05:00:00,-2,1
2022-01-31T06:00:00,0,-1
2022-01-31T07:00:00,0,-1
2022-01-31T08:00:00,0,0
2022-01-31T09:00:00,2,1
2022-01-31T10:00:00,0,-1
2022-01-31T11:00:00,0,0
2022-01-31T12:00:00,-2,0
2022-01-31T13:00:00,-2,1
2022-01-31T14:00:00,-2,-1
2022-01-31T15:00:00,-2,0
2022-01-31T16:00:00,-2,0
2022-01-31T17:00:00,-2,0
2022-01-31T18:00:00,-2,1
2022-01-31T19:00:00,0,0
2022-01-31T20:00:00,2,-1
2022-01-31T21:00:00,2,-1
2022-01-31T22:00:00,2,0
2022-01-31T23:00:00,0,1
2022-02-01T00:00:00,0,-1
2022-02-01T01:00:00,-2,0
2022-02-01T02:00:00,-2,0
2022-02-01T03:00:00,-2,0
2022-02-01T04:00:00,0,1
2022-02-01T05:00:00,0,0
2022-02-01T06:00:00,0,0
2022-02-01T07:00:00,0,0
2022-02-01T08:00:00,-2,0
2022-02-01T09:00:00,-2,0
2022-02-01T10:00:00,-2,-1
2022-02-01T11:00:00,-2,1
2022-02-01T12:00:00,2,0
2022-02-01T13:00:00,2,0
2022-02-01T14:00:00,2,0
2022-02-01T15:00:00,2,0
2022-02-01T16:00:00,0,-1
2022-02-01T17:00:00,-2,1
2022-02-01T18:00:00,0,1
2022-02-01T19:00:00,0,0
2022-02-01T20:00:00,0,0
2022-02-01T21:00:00,0,1
2022-02-01T22:00:00,0,0
2022-02-01T23:00:00,0,-1
2022-02-02T00:00:00,0,1
2022-02-02T01:00:00,2,1
2022-02-02T02:00:00,2,1
2022-02-02T03:00:00,2,-1
2022-02-02T04:00:00,2,-1
2022-02-02T05:00:00,-2,0
2022-02-02T06:00:00,-2,0
2022-02-02T07:00:00,-2,0
2022-02-02T08:00:00,-2,0
2022-02-02T09:00:00,-2,1
2022-02-02T10:00:00,-2,0
2022-02-02T11:00:00,-2,0
2022-02-02T12:00:00,-2,0
2022-02-02T13:00:00,0,-1
2022-02-02T14:00:00,0,0
2022-02-02T15:00:00,0,-1
2022-02-02T16:00:00,0,0
2022-02-02T17:00:00,0,1
2022-02-02T18:00:00,0,-1
2022-02-02T19:00:00,0,0
2022-02-02T20:00:00,2,0
2022-02-02T21:00:00,0,0
2022-02-02T22:00:00,0,0
2022-02-02T23:00:00,0,0
2022-02-03T00:00:00,0,-1
2022-02-03T01:00:00,2,1
2022-02-03T02:00:00,0,-1
2022-02-03T03:00:00,2,0
2022-02-03T04:00:00,2,0
2022-02-03T05:00:00,2,0
2022-02-03T06:00:00,2,0
2022-02-03T07:00:00,2,0
2022-02-03T08:00:00,2,0
2022-02-03T09:00:00,2,-1
2022-02-03T10:00:00,2,0
2022-02-03T11:00:00,0,0
2022-02-03T12:00:00,0,0
2022-02-03T13:00:00,0,0
2022-02-03T14:00:00,0,1
2022-02-03T15:00:00,0,0
2022-02-03T16:00:00,0,0
2022-02-03T17:00:00,0,1
2022-02-03T18:00:00,2,0
2022-02-03T19:00:00,2,0
2022-02-03T20:00:00,2,0
2022-02-03T21:00:00,0,0
2022-02-03T22:00:00,0,0
2022-02-03T23:00:00,0,0
2022-02-04T00:00:00,-2,0
2022-02-04T01:00:00,-2,0
2022-02-04T02:00:00,0,0
2022-02-04T03:00:00,0,-1
2022-02-04T04:00:00,2,1
2022-02-04T05:00:00,2,0
2022-02-04T06:00:00,0,0
2022-02-04T07:00:00,0,-1
2022-02-04T08:00:00,0,-1
2022-02-04T09:00:00,0,1
2022-02-04T10:00:00,0,0
2022-02-04T11:00:00,0,1
2022-02-04T12:00:00,2,1
2022-02-04T13:00:00,2,-1
2022-02-04T14:00:00,2,-1
2022-02-04T15:00:00,2,0
2022-02-04T16:00:00,0,1
2022-02-04T17:00:00,0,0
2022-02-04T18:00:00,0,0
2022-02-04T19:00:00,-2,-1
2022-02-04T20:00:00,0,1
2022-02-04T21:00:00,0,-1
2022-02-06T22:00:00,0,-1
2022-02-06T23:00:00,0,1
2022-02-07T00:00:00,0,1
2022-02-07T01:00:00,0,0
2022-02-07T02:00:00,2,0
2022-02-07T03:00:00,0,0
2022-02-07T04:00:00,0,1
2022-02-07T05:00:00,0,0
2022-02-07T06:00:00,0,-1
2022-02-07T07:00:00,-2,0
2022-02-07T08:00:00,-2,0
2022-02-07T09:00:00,0,0
2022-02-07T10:00:00,0,0
2022-02-07T11:00:00,0,0
2022-02-07T12:00:00,0,0
2022-02-07T13:00:00,0,-1
2022-02-07T14:00:00,0,0
2022-02-07T15:00:00,2,0
2022-02-07T16:00:00,2,0
2022-02-07T17:00:00,0,0
2022-02-07T18:00:00,0,0
2022-02-07T19:00:00,0,0
2022-02-07T20:00:00,0,-1
2022-02-07T21:00:00,0,-1
2022-02-07T22:00:00,0,0
2022-02-07T23:00:00,0,1
2022-02-08T00:00:00,0,0
2022-02-08T01:00:00,0,-1
2022-02-08T02:00:00,2,-1
2022-02-08T03:00:00,2,1
2022-02-08T04:00:00,2,0
2022-02-08T05:00:00,2,0
2022-02-08T06:00:00,2,0
2022-02-08T07:00:00,-2,0
2022-02-08T08:00:00,-2,1
2022-02-08T09:00:00,-2,0
2022-02-08T10:00:00,-2,1
2022-02-08T11:00:00,0,-1
2022-02-08T12:00:00,2,0
2022-02-08T13:00:00,2,0
2022-02-08T14:00:00,2,0
2022-02-08T15:00:00,0,-1
2022-02-08T16:00:00,0,0
2022-02-08T17:00:00,0,-1
2022-02-08T18:00:00,-2,1
2022-02-08T19:00:00,-2,0
2022-02-08T20:00:00,0,0
2022-02-08T21:00:00,0,0
2022-02-08T22:00:00,0,0
2022-02-08T23:00:00,-2,0
2022-02-09T00:00:00,-2,0
2022-02-09T01:00:00,-2,0
2022-02-09T02:00:00,-2,1
2022-02-09T03:00:00,0,0
2022-02-09T04:00:00,2,0
2022-02-09T05:00:00,2,0
2022-02-09T06:00:00,0,-1
2022-02-09T07:00:00,-2,0
2022-02-09T08:00:00,0,0
2022-02-09T09:00:00,0,0
2022-02-09T10:00:00,0,0
2022-02-09T11:00:00,0,0
2022-02-09T12:00:00,0,0
2022-02-09T13:00:00,2,0
2022-02-09T14:00:00,0,0
2022-02-09T15:00:00,0,0
2022-02-09T16:00:00,0,0
2022-02-09T17:00:00,0,1
2022-02-09T18:00:00,2,0
2022-02-09T19:00:00,2,1
2022-02-09T20:00:00,2,0
2022-02-09T21:00:00,2,0
2022-02-09T22:00:00,2,0
2022-02-09T23:00:00,0,-1
2022-02-10T00:00:00,0,0
2022-02-10T01:00:00,-2,0
2022-02-10T02:00:00,-2,1
2022-02-10T03:00:00,0,1
2022-02-10T04:00:00,0,0
2022-02-10T05:00:00,0,0
2022-02-10T06:00:00,0,-1
2022-02-10T07:00:00,0,1
2022-02-10T08:00:00,0,0
2022-02-10T09:00:00,0,-1
2022-02-10T10:00:00,2,0
2022-02-10T11:00:00,2,1
2022-02-10T12:00:00,2,1
2022-02-10T13:00:00,2,0
2022-02-10T14:00:00,0,0
2022-02-10T15:00:00,0,0
2022-02-10T16:00:00,0,0
2022-02-10T17:00:00,0,-1
2022-02-10T18:00:00,0,1
2022-02-10T19:00:00,0,0
2022-02-10T20:00:00,0,-1
2022-02-10T21:00:00,0,0
2022-02-10T22:00:00,0,0
2022-02-10T23:00:00,0,0
2022-02-11T00:00:00,0,0
2022-02-11T01:00:00,0,1
2022-02-11T02:00:00,0,0
2022-02-11T03:00:00,0,0
2022-02-11T04:00:00,0,0
2022-02-11T05:00:00,0,0
2022-02-11T06:00:00,-2,0
2022-02-11T07:00:00,0,1
2022-02-11T08:00:00,0,0
2022-02-11T09:00:00,0,0
2022-02-11T10:00:00,0,0
2022-02-11T11:00:00,0,0
2022-02-11T12:00:00,0,0
2022-02-11T13:00:00,0,0
2022-02-11T14:00:00,0,0
2022-02-11T15:00:00,0,1
2022-02-11T16:00:00,0,0
2022-02-11T17:00:00,0,0
2022-02-11T18:00:00,0,0
2022-02-11T19:00:00,0,0
2022-02-11T20:00:00,0,0
2022-02-11T21:00:00,0,-1
2022-02-13T22:00:00,0,-1
2022-02-13T23:00:00,0,0
2022-02-14T00:00:00,0,1
2022-02-14T01:00:00,0,1
2022-02-14T02:00:00,0,0
2022-02-14T03:00:00,2,-1
2022-02-14T04:00:00,0,-1
2022-02-14T05:00:00,-2,0
2022-02-14T06:00:00,0,0
2022-02-14T07:00:00,0,0
2022-02-14T08:00:00,0,0
2022-02-14T09:00:00,0,1
2022-02-14T10:00:00,2,-1
2022-02-14T11:00:00,0,0
2022-02-14T12:00:00,0,0
2022-02-14T13:00:00,0,0
2022-02-14T14:00:00,0,0
2022-02-14T15:00:00,2,0
2022-02-14T16:00:00,0,-1
2022-02-14T17:00:00,-2,0
2022-02-14T18:00:00,0,0
2022-02-14T19:00:00,0,-1
2022-02-14T20:00:00,0,-1
2022-02-14T21:00:00,0,0
2022-02-14T22:00:00,-2,-1
2022-02-14T23:00:00,-2,-1
2022-02-15T00:00:00,-2,1
2022-02-15T01:00:00,-2,0
2022-02-15T02:00:00,-2,0
2022-02-15T03:00:00,0,0
2022-02-15T04:00:00,0,0
2022-02-15T05:00:00,0,0
2022-02-15T06:00:00,0,0
2022-02-15T07:00:00,0,0
2022-02-15T08:00:00,0,0
2022-02-15T09:00:00,0,-1
2022-02-15T10:00:00,2,0
2022-02-15T11:00:00,2,0
2022-02-15T12:00:00,0,1
2022-02-15T13:00:00,0,0
2022-02-15T14:00:00,0,0
2022-02-15T15:00:00,0,0
2022-02-15T16:00:00,0,0
2022-02-15T17:00:00,0,0
2022-02-15T18:00:00,-2,0
2022-02-15T19:00:00,-2,0
2022-02-15T20:00:00,0,-1
2022-02-15T21:00:00,0,1
2022-02-15T22:00:00,0,0
2022-02-15T23:00:00,0,0
2022-02-16T00:00:00,2,0
2022-02-16T01:00:00,2,0
2022-02-16T02:00:00,2,0
2022-02-16T03:00:00,2,0
2022-02-16T04:00:00,0,0
2022-02-16T05:00:00,0,-1
2022-02-16T06:00:00,0,1
2022-02-16T07:00:00,0,0
2022-02-16T08:00:00,0,0
2022-02-16T09:00:00,0,0
2022-02-16T10:00:00,0,0
2022-02-16T11:00:00,0,0
2022-02-16T12:00:00,0,-1
2022-02-16T13:00:00,-2,0
2022-02-16T14:00:00,-2,1
2022-02-16T15:00:00,0,0
2022-02-16T16:00:00,0,0
2022-02-16T17:00:00,0,0
2022-02-16T18:00:00,0,-1
2022-02-16T19:00:00,0,0
2022-02-16T20:00:00,-2,0
2022-02-16T21:00:00,0,0
2022-02-16T22:00:00,0,-1
2022-02-16T23:00:00,0,0
2022-02-17T00:00:00,0,-1
2022-02-17T01:00:00,0,0
2022-02-17T02:00:00,0,0
2022-02-17T03:00:00,0,0
2022-02-17T04:00:00,0,0
2022-02-17T05:00:00,0,0
2022-02-17T06:00:00,0,-1
2022-02-17T07:00:00,0,0
2022-02-17T08:00:00,-2,0
2022-02-17T09:00:00,-2,0
2022-02-17T10:00:00,-2,0
2022-02-17T11:00:00,-2,-1
2022-02-17T12:00:00,-2,0
2022-02-17T13:00:00,0,0
2022-02-17T14:00:00,0,0
2022-02-17T15:00:00,2,0
2022-02-17T16:00:00,2,-1
2022-02-17T17:00:00,0,-1
2022-02-17T18:00:00,0,0
2022-02-17T19:00:00,0,1
2022-02-17T20:00:00,0,0
2022-02-17T21:00:00,0,-1
2022-02-17T22:00:00,0,0
2022-02-17T23:00:00,2,1
2022-02-18T00:00:00,0,0
2022-02-18T01:00:00,0,0
2022-02-18T02:00:00,0,-1
2022-02-18T03:00:00,0,1
2022-02-18T04:00:00,0,0
2022-02-18T05:00:00,0,-1
2022-02-18T06:00:00,0,0
2022-02-18T07:00:00,0,1
2022-02-18T08:00:00,0,0
2022-02-18T09:00:00,0,-1
2022-02-18T10:00:00,0,0
2022-02-18T11:00:00,0,0
2022-02-18T12:00:00,0,0
2022-02-18T13:00:00,0,0
2022-02-18T14:00:00,0,0
2022-02-18T15:00:00,0,-1
2022-02-18T16:00:00,0,0
2022-02-18T17:00:00,0,0
2022-02-18T18:00:00,-2,1
2022-02-18T19:00:00,0,0
2022-02-18T20:00:00,0,-1
2022-02-18T21:00:00,0,0
2022-02-20T22:00:00,0,0
2022-02-20T23:00:00,0,0
2022-02-21T00:00:00,0,-1
2022-02-21T01:00:00,0,0
2022-02-21T02:00:00,0,1
2022-02-21T03:00:00,0,0
2022-02-21T04:00:00,0,0
2022-02-21T05:00:00,0,0
2022-02-21T06:00:00,-2,-1
2022-02-21T07:00:00,-2,1
2022-02-21T08:00:00,-2,-1
2022-02-21T09:00:00,0,0
2022-02-21T10:00:00,0,1
2022-02-21T11:00:00,0,0
2022-02-21T12:00:00,0,-1
2022-02-21T13:00:00,0,0
2022-02-21T14:00:00,0,-1
2022-02-21T15:00:00,0,0
2022-02-21T16:00:00,-2,0
2022-02-21T17:00:00,0,0
2022-02-21T18:00:00,0,0
2022-02-21T19:00:00,0,0
2022-02-21T20:00:00,0,-1
2022-02-21T21:00:00,0,0
2022-02-21T22:00:00,0,0
2022-02-21T23:00:00,-2,0
2022-02-22T00:00:00,0,0
2022-02-22T01:00:00,0,-1
2022-02-22T02:00:00,0,0
2022-02-22T03:00:00,0,0
2022-02-22T04:00:00,0,-1
2022-02-22T05:00:00,0,0
2022-02-22T06:00:00,2,1
2022-02-22T07:00:00,2,0
2022-02-22T08:00:00,0,0
2022-02-22T09:00:00,0,0
2022-02-22T10:00:00,0,0
2022-02-22T11:00:00,0,-1
2022-02-22T12:00:00,2,1
2022-02-22T13:00:00,2,1
2022-02-22T14:00:00,-2,-1
2022-02-22T15:00:00,-2,1
2022-02-22T16:00:00,-2,1
2022-02-22T17:00:00,0,1
2022-02-22T18:00:00,0,0
2022-02-22T19:00:00,2,0
2022-02-22T20:00:00,2,0
2022-02-22T21:00:00,2,-1
2022-02-22T22:00:00,0,0
2022-02-22T23:00:00,0,-1
2022-02-23T00:00:00,0,0
2022-02-23T01:00:00,0,0
2022-02-23T02:00:00,0,-1
2022-02-23T03:00:00,-2,0
2022-02-23T04:00:00,0,0
2022-02-23T05:00:00,0,0
2022-02-23T06:00:00,0,0
2022-02-23T07:00:00,0,1
2022-02-23T08:00:00,0,0
2022-02-23T09:00:00,0,0
2022-02-23T10:00:00,0,1
2022-02-23T11:00:00,0,0
2022-02-23T12:00:00,0,0
2022-02-23T13:00:00,0,0
2022-02-23T14:00:00,0,-1
2022-02-23T15:00:00,0,0
2022-02-23T16:00:00,0,-1
2022-02-23T17:00:00,0,0
2022-02-23T18:00:00,0,1
2022-02-23T19:00:00,0,0
2022-02-23T20:00:00,0,0
2022-02-23T21:00:00,2,-1
2022-02-23T22:00:00,0,0
2022-02-23T23:00:00,0,1
2022-02-24T00:00:00,0,0
2022-02-24T01:00:00,0,0
2022-02-24T02:00:00,0,-1
2022-02-24T03:00:00,0,0
2022-02-24T04:00:00,0,0
2022-02-24T05:00:00,0,1
2022-02-24T06:00:00,0,1
2022-02-24T07:00:00,0,-1
2022-02-24T08:00:00,0,0
2022-02-24T09:00:00,0,-1
2022-02-24T10:00:00,0,0
2022-02-24T11:00:00,0,0
2022-02-24T12:00:00,2,0
2022-02-24T13:00:00,2,1
2022-02-24T14:00:00,2,0
2022-02-24T15:00:00,2,0
2022-02-24T16:00:00,0,0
2022-02-24T17:00:00,0,1
2022-02-24T18:00:00,0,1
2022-02-24T19:00:00,0,-1
2022-02-24T20:00:00,0,0
2022-02-24T21:00:00,0,0
2022-02-24T22:00:00,0,1
2022-02-24T23:00:00,0,0
2022-02-25T00:00:00,-2,0
2022-02-25T01:00:00,-2,-1
2022-02-25T02:00:00,-2,0
2022-02-25T03:00:00,-2,1
2022-02-25T04:00:00,0,0
2022-02-25T05:00:00,0,0
2022-02-25T06:00:00,0,0
2022-02-25T07:00:00,0,0
2022-02-25T08:00:00,0,0
2022-02-25T09:00:00,2,0
2022-02-25T10:00:00,0,1
2022-02-25T11:00:00,0,0
2022-02-25T12:00:00,0,0
2022-02-25T13:00:00,0,0
2022-02-25T14:00:00,0,0
2022-02-25T15:00:00,0,1
2022-02-25T16:00:00,0,0
2022-02-25T17:00:00,0,0
2022-02-25T18:00:00,0,-1
2022-02-25T19:00:00,0,0
2022-02-25T20:00:00,-2,1
2022-02-25T21:00:00,-2,1
2022-02-27T22:00:00,2,0
2022-02-27T23:00:00,2,-1
2022-02-28T00:00:00,0,0
2022-02-28T01:00:00,0,1
2022-02-28T02:00:00,0,1
2022-02-28T03:00:00,0,0
2022-02-28T04:00:00,0,-1
2022-02-28T05:00:00,0,0
2022-02-28T06:00:00,0,0
2022-02-28T07:00:00,0,0
2022-02-28T08:00:00,0,0
2022-02-28T09:00:00,0,0
2022-02-28T10:00:00,0,0
2022-02-28T11:00:00,0,0
2022-02-28T12:00:00,-2,0
2022-02-28T13:00:00,-2,1
2022-02-28T14:00:00,-2,0
2022-02-28T15:00:00,-2,0
2022-02-28T16:00:00,-2,0
2022-02-28T17:00:00,-2,0
2022-02-28T18:00:00,-2,0
2022-02-28T19:00:00,-2,1
2022-02-28T20:00:00,0,-1
2022-02-28T21:00:00,0,0
2022-02-28T22:00:00,2,1
2022-02-28T23:00:00,2,1
2022-03-01T00:00:00,2,-1
2022-03-01T01:00:00,0,0
2022-03-01T02:00:00,0,0
2022-03-01T03:00:00,-2,0
2022-03-01T04:00:00,-2,0
2022-03-01T05:00:00,0,0
2022-03-01T06:00:00,0,0
2022-03-01T07:00:00,-2,0
2022-03-01T08:00:00,-2,0
2022-03-01T09:00:00,0,0
2022-03-01T10:00:00,0,0
2022-03-01T11:00:00,0,1
2022-03-01T12:00:00,0,0
2022-03-01T13:00:00,0,0
2022-03-01T14:00:00,0,0
2022-03-01T15:00:00,0,1
2022-03-01T16:00:00,0,0
2022-03-01T17:00:00,0,-1
2022-03-01T18:00:00,0,1
2022-03-01T19:00:00,2,-1
2022-03-01T20:00:00,0,0
2022-03-01T21:00:00,0,-1
2022-03-01T22:00:00,0,0
2022-03-01T23:00:00,0,1
2022-03-02T00:00:00,0,-1
2022-03-02T01:00:00,0,-1
2022-03-02T02:00:00,0,0
2022-03-02T03:00:00,2,0
2022-03-02T04:00:00,0,1
2022-03-02T05:00:00,0,0
2022-03-02T06:00:00,2,0
2022-03-02T07:00:00,2,0
2022-03-02T08:00:00,0,0
2022-03-02T09:00:00,0,0
2022-03-02T10:00:00,0,-1
2022-03-02T11:00:00,0,1
2022-03-02T12:00:00,0,0
2022-03-02T13:00:00,2,0
2022-03-02T14:00:00,2,0
2022-03-02T15:00:00,2,0
2022-03-02T16:00:00,0,0
2022-03-02T17:00:00,0,0
2022-03-02T18:00:00,0,0
2022-03-02T19:00:00,0,0
2022-03-02T20:00:00,-2,0
2022-03-02T21:00:00,0,-1
2022-03-02T22:00:00,0,1
2022-03-02T23:00:00,0,1
2022-03-03T00:00:00,0,-1
2022-03-03T01:00:00,2,0
2022-03-03T02:00:00,0,0
2022-03-03T03:00:00,0,0
2022-03-03T04:00:00,0,-1
2022-03-03T05:00:00,0,0
2022-03-03T06:00:00,0,0
2022-03-03T07:00:00,2,0
2022-03-03T08:00:00,0,1
2022-03-03T09:00:00,0,0
2022-03-03T10:00:00,0,1
2022-03-03T11:00:00,-2,0
2022-03-03T12:00:00,-2,0
2022-03-03T13:00:00,-2,0
2022-03-03T14:00:00,0,0
2022-03-03T15:00:00,0,0
2022-03-03T16:00:00,0,-1
2022-03-03T17:00:00,-2,0
2022-03-03T18:00:00,-2,0
2022-03-03T19:00:00,-2,0
2022-03-03T20:00:00,0,0
2022-03-03T21:00:00,0,0
2022-03-03T22:00:00,0,0
2022-03-03T23:00:00,0,0
2022-03-04T00:00:00,0,0
2022-03-04T01:00:00,0,0
2022-03-04T02:00:00,0,1
2022-03-04T03:00:00,0,0
2022-03-04T04:00:00,0,0
2022-03-04T05:00:00,0,0
2022-03-04T06:00:00,2,0
2022-03-04T07:00:00,-2,0
2022-03-04T08:00:00,-2,1
2022-03-04T09:00:00,0,0
2022-03-04T10:00:00,0,1
2022-03-04T11:00:00,0,0
2022-03-04T12:00:00,0,-1
2022-03-04T13:00:00,0,-1
2022-03-04T14:00:00,0,-1
2022-03-04T15:00:00,-2,0
2022-03-04T16:00:00,-2,1
2022-03-04T17:00:00,0,0
2022-03-04T18:00:00,0,0
2022-03-04T19:00:00,0,0
2022-03-04T20:00:00,0,0
2022-03-04T21:00:00,2,0
2022-03-06T22:00:00,2,1
2022-03-06T23:00:00,0,0
2022-03-07T00:00:00,0,-1
2022-03-07T01:00:00,-2,0
2022-03-07T02:00:00,-2,0
2022-03-07T03:00:00,0,0
2022-03-07T04:00:00,0,0
2022-03-07T05:00:00,2,0
2022-03-07T06:00:00,2,0
2022-03-07T07:00:00,0,0
2022-03-07T08:00:00,0,0
2022-03-07T09:00:00,0,-1
2022-03-07T10:00:00,2,0
2022-03-07T11:00:00,2,1
2022-03-07T12:00:00,2,0
2022-03-07T13:00:00,2,0
2022-03-07T14:00:00,0,0
2022-03-07T15:00:00,0,0
2022-03-07T16:00:00,0,0
2022-03-07T17:00:00,0,0
2022-03-07T18:00:00,0,0
2022-03-07T19:00:00,0,0
2022-03-07T20:00:00,0,1
2022-03-07T21:00:00,0,0
2022-03-07T22:00:00,0,0
2022-03-07T23:00:00,0,0
2022-03-08T00:00:00,0,-1
2022-03-08T01:00:00,0,0
2022-03-08T02:00:00,0,0
2022-03-08T03:00:00,0,0
2022-03-08T04:00:00,0,0
2022-03-08T05:00:00,0,0
2022-03-08T06:00:00,0,1
2022-03-08T07:00:00,2,0
2022-03-08T08:00:00,0,0
2022-03-08T09:00:00,0,-1
2022-03-08T10:00:00,0,1
2022-03-08T11:00:00,0,0
2022-03-08T12:00:00,2,-1
2022-03-08T13:00:00,0,0
2022-03-08T14:00:00,0,1
2022-03-08T15:00:00,0,0
2022-03-08T16:00:00,0,0
2022-03-08T17:00:00,2,0
2022-03-08T18:00:00,0,-1
2022-03-08T19:00:00,0,0
2022-03-08T20:00:00,0,1
2022-03-08T21:00:00,0,0
2022-03-08T22:00:00,2,0
2022-03-08T23:00:00,0,0
2022-03-09T00:00:00,0,0
2022-03-09T01:00:00,0,0
2022-03-09T02:00:00,0,0
2022-03-09T03:00:00,-2,0
2022-03-09T04:00:00,-2,0
2022-03-09T05:00:00,-2,0
2022-03-09T06:00:00,0,0
2022-03-09T07:00:00,0,-1
2022-03-09T08:00:00,0,1
2022-03-09T09:00:00,0,0
2022-03-09T10:00:00,0,0
2022-03-09T11:00:00,0,-1
2022-03-09T12:00:00,-2,0
2022-03-09T13:00:00,-2,1
2022-03-09T14:00:00,0,1
2022-03-09T15:00:00,0,0
2022-03-09T16:00:00,0,0
2022-03-09T17:00:00,0,1
2022-03-09T18:00:00,2,0
2022-03-09T19:00:00,0,0
2022-03-09T20:00:00,0,1
2022-03-09T21:00:00,0,0
2022-03-09T22:00:00,2,0
2022-03-09T23:00:00,2,0
2022-03-10T00:00:00,2,0
2022-03-10T01:00:00,2,0
2022-03-10T02:00:00,0,1
2022-03-10T03:00:00,0,0
2022-03-10T04:00:00,0,0
2022-03-10T05:00:00,-2,0
2022-03-10T06:00:00,-2,-1
2022-03-10T07:00:00,-2,0
2022-03-10T08:00:00,0,0
2022-03-10T09:00:00,0,0
2022-03-10T10:00:00,0,-1
2022-03-10T11:00:00,0,0
2022-03-10T12:00:00,0,1
2022-03-10T13:00:00,0,0
2022-03-10T14:00:00,2,-1
2022-03-10T15:00:00,0,1
2022-03-10T16:00:00,0,1
2022-03-10T17:00:00,0,0
2022-03-10T18:00:00,0,0
2022-03-10T19:00:00,0,0
2022-03-10T20:00:00,2,0
2022-03-10T21:00:00,2,0
2022-03-10T22:00:00,0,0
2022-03-10T23:00:00,2,0
2022-03-11T00:00:00,2,-1
2022-03-11T01:00:00,2,0
2022-03-11T02:00:00,2,1
2022-03-11T03:00:00,2,0
2022-03-11T04:00:00,2,0
2022-03-11T05:00:00,2,-1
2022-03-11T06:00:00,2,0
2022-03-11T07:00:00,2,1
2022-03-11T08:00:00,2,-1
2022-03-11T09:00:00,2,0
2022-03-11T10:00:00,0,0
2022-03-11T11:00:00,0,0
2022-03-11T12:00:00,0,0
2022-03-11T13:00:00,0,0
2022-03-11T14:00:00,2,0
2022-03-11T15:00:00,2,0
2022-03-11T16:00:00,2,0
2022-03-11T17:00:00,2,0
2022-03-11T18:00:00,2,0
2022-03-11T19:00:00,0,-1
2022-03-11T20:00:00,0,0
2022-03-11T21:00:00,2,0
2022-03-13T21:00:00,2,0
2022-03-13T22:00:00,2,-1
2022-03-13T23:00:00,2,0
2022-03-14T00:00:00,2,1
2022-03-14T01:00:00,2,-1
2022-03-14T02:00:00,0,-1
2022-03-14T03:00:00,0,-1
2022-03-14T04:00:00,0,1
2022-03-14T05:00:00,0,-1
2022-03-14T06:00:00,0,-1
2022-03-14T07:00:00,0,0
2022-03-14T08:00:00,0,1
2022-03-14T09:00:00,0,0
2022-03-14T10:00:00,2,-1
2022-03-14T11:00:00,2,0
2022-03-14T12:00:00,0,0
2022-03-14T13:00:00,0,0
2022-03-14T14:00:00,0,0
2022-03-14T15:00:00,0,0
2022-03-14T16:00:00,0,0
2022-03-14T17:00:00,0,0
2022-03-14T18:00:00,0,0
2022-03-14T19:00:00,2,0
2022-03-14T20:00:00,2,0
2022-03-14T21:00:00,2,0
2022-03-14T22:00:00,2,0
2022-03-14T23:00:00,0,0
2022-03-15T00:00:00,2,1
2022-03-15T01:00:00,2,0
2022-03-15T02:00:00,0,0
2022-03-15T03:00:00,0,0
2022-03-15T04:00:00,0,0
2022-03-15T05:00:00,0,0
2022-03-15T06:00:00,-2,-1
2022-03-15T07:00:00,-2,1
2022-03-15T08:00:00,-2,1
2022-03-15T09:00:00,-2,-1
2022-03-15T10:00:00,0,-1
2022-03-15T11:00:00,0,0
2022-03-15T12:00:00,0,0
2022-03-15T13:00:00,0,1
2022-03-15T14:00:00,2,0
2022-03-15T15:00:00,2,0
2022-03-15T16:00:00,2,-1
2022-03-15T17:00:00,2,0
2022-03-15T18:00:00,0,0
2022-03-15T19:00:00,0,0
2022-03-15T20:00:00,0,0
2022-03-15T21:00:00,2,0
2022-03-15T22:00:00,2,0
2022-03-15T23:00:00,2,1
2022-03-16T00:00:00,2,-1
2022-03-16T01:00:00,-2,0
2022-03-16T02:00:00,-2,1
2022-03-16T03:00:00,0,0
2022-03-16T04:00:00,0,0
2022-03-16T05:00:00,0,0
2022-03-16T06:00:00,0,0
2022-03-16T07:00:00,0,0
2022-03-16T08:00:00,0,0
2022-03-16T09:00:00,0,0
2022-03-16T10:00:00,0,0
2022-03-16T11:00:00,0,1
2022-03-16T12:00:00,0,-1
2022-03-16T13:00:00,2,1
2022-03-16T14:00:00,2,0
2022-03-16T15:00:00,2,0
2022-03-16T16:00:00,2,0
2022-03-16T17:00:00,0,0
2022-03-16T18:00:00,0,0
2022-03-16T19:00:00,0,0
2022-03-16T20:00:00,0,0
2022-03-16T21:00:00,0,0
2022-03-16T22:00:00,2,0
2022-03-16T23:00:00,0,0
2022-03-17T00:00:00,0,0
2022-03-17T01:00:00,-2,0
2022-03-17T02:00:00,-2,0
2022-03-17T03:00:00,0,0
2022-03-17T04:00:00,0,0
2022-03-17T05:00:00,0,-1
2022-03-17T06:00:00,0,-1
2022-03-17T07:00:00,-2,1
2022-03-17T08:00:00,-2,-1
2022-03-17T09:00:00,-2,1
2022-03-17T10:00:00,2,1
2022-03-17T11:00:00,2,0
2022-03-17T12:00:00,2,-1
2022-03-17T13:00:00,0,-1
2022-03-17T14:00:00,0,-1
2022-03-17T15:00:00,0,1
2022-03-17T16:00:00,0,1
2022-03-17T17:00:00,0,0
2022-03-17T18:00:00,2,0
2022-03-17T19:00:00,2,-1
2022-03-17T20:00:00,0,1
2022-03-17T21:00:00,0,-1
2022-03-17T22:00:00,-2,0
2022-03-17T23:00:00,0,1
2022-03-18T00:00:00,0,-1
2022-03-18T01:00:00,2,0
2022-03-18T02:00:00,2,0
2022-03-18T03:00:00,0,0
2022-03-18T04:00:00,0,0
2022-03-18T05:00:00,0,1
2022-03-18T06:00:00,0,0
2022-03-18T07:00:00,2,0
2022-03-18T08:00:00,0,0
2022-03-18T09:00:00,2,0
2022-03-18T10:00:00,2,-1
2022-03-18T11:00:00,2,1
2022-03-18T12:00:00,0,-1
2022-03-18T13:00:00,0,0
2022-03-18T14:00:00,0,0
2022-03-18T15:00:00,0,1
2022-03-18T16:00:00,0,0
2022-03-18T17:00:00,0,0
2022-03-18T18:00:00,-2,0
2022-03-18T19:00:00,-2,1
2022-03-18T20:00:00,2,1
2022-03-20T21:00:00,2,0
2022-03-20T22:00:00,2,-1
2022-03-20T23:00:00,0,0
2022-03-21T00:00:00,0,1
2022-03-21T01:00:00,-2,0
2022-03-21T02:00:00,0,1
2022-03-21T03:00:00,0,0
2022-03-21T04:00:00,0,-1
2022-03-21T05:00:00,0,0
2022-03-21T06:00:00,-2,0
2022-03-21T07:00:00,-2,1
2022-03-21T08:00:00,-2,0
2022-03-21T09:00:00,0,0
2022-03-21T10:00:00,0,0
2022-03-21T11:00:00,-2,0
2022-03-21T12:00:00,0,-1
2022-03-21T13:00:00,0,1
2022-03-21T14:00:00,0,1
2022-03-21T15:00:00,2,0
2022-03-21T16:00:00,2,0
2022-03-21T17:00:00,2,0
2022-03-21T18:00:00,2,0
2022-03-21T19:00:00,2,0
2022-03-21T20:00:00,0,1
2022-03-21T21:00:00,0,1
2022-03-21T22:00:00,2,1
2022-03-21T23:00:00,2,1
2022-03-22T00:00:00,2,-1
2022-03-22T01:00:00,2,0
2022-03-22T02:00:00,0,1
2022-03-22T03:00:00,2,1
2022-03-22T04:00:00,2,-1
2022-03-22T05:00:00,2,0
2022-03-22T06:00:00,2,0
2022-03-22T07:00:00,0,0
2022-03-22T08:00:00,0,1
2022-03-22T09:00:00,0,-1
2022-03-22T10:00:00,0,0
2022-03-22T11:00:00,0,-1
2022-03-22T12:00:00,0,1
2022-03-22T13:00:00,0,0
2022-03-22T14:00:00,0,-1
2022-03-22T15:00:00,2,0
2022-03-22T16:00:00,0,0
2022-03-22T17:00:00,0,-1
2022-03-22T18:00:00,0,0
2022-03-22T19:00:00,0,0
2022-03-22T20:00:00,0,1
2022-03-22T21:00:00,0,1
2022-03-22T22:00:00,2,0
2022-03-22T23:00:00,2,-1
2022-03-23T00:00:00,2,0
2022-03-23T01:00:00,-2,-1
2022-03-23T02:00:00,-2,1
2022-03-23T03:00:00,0,0
2022-03-23T04:00:00,0,0
2022-03-23T05:00:00,0,1
2022-03-23T06:00:00,0,-1
2022-03-23T07:00:00,0,0
2022-03-23T08:00:00,0,0
2022-03-23T09:00:00,0,0
2022-03-23T10:00:00,0,0
2022-03-23T11:00:00,0,1
2022-03-23T12:00:00,0,1
2022-03-23T13:00:00,0,0
2022-03-23T14:00:00,0,-1
2022-03-23T15:00:00,0,0
2022-03-23T16:00:00,0,0
2022-03-23T17:00:00,0,0
2022-03-23T18:00:00,0,0
2022-03-23T19:00:00,2,0
2022-03-23T20:00:00,0,0
2022-03-23T21:00:00,0,0
2022-03-23T22:00:00,0,0
2022-03-23T23:00:00,0,0
2022-03-24T00:00:00,0,1
2022-03-24T01:00:00,2,-1
2022-03-24T02:00:00,2,0
2022-03-24T03:00:00,2,1
2022-03-24T04:00:00,2,0
2022-03-24T05:00:00,2,0
2022-03-24T06:00:00,2,0
2022-03-24T07:00:00,2,-1
2022-03-24T08:00:00,2,0
2022-03-24T09:00:00,0,-1
2022-03-24T10:00:00,0,0
2022-03-24T11:00:00,0,1
2022-03-24T12:00:00,0,0
2022-03-24T13:00:00,0,-1
2022-03-24T14:00:00,0,0
2022-03-24T15:00:00,2,1
2022-03-24T16:00:00,2,-1
2022-03-24T17:00:00,2,0
2022-03-24T18:00:00,0,1
2022-03-24T19:00:00,0,0
2022-03-24T20:00:00,0,1
2022-03-24T21:00:00,0,1
2022-03-24T22:00:00,-2,-1
2022-03-24T23:00:00,-2,-1
2022-03-25T00:00:00,-2,0
2022-03-25T01:00:00,-2,0
2022-03-25T02:00:00,-2,-1
2022-03-25T03:00:00,-2,0
2022-03-25T04:00:00,-2,1
2022-03-25T05:00:00,2,0
2022-03-25T06:00:00,0,0
2022-03-25T07:00:00,0,-1
2022-03-25T08:00:00,0,0
2022-03-25T09:00:00,-2,0
2022-03-25T10:00:00,0,0
2022-03-25T11:00:00,0,1
2022-03-25T12:00:00,2,1
2022-03-25T13:00:00,2,-1
2022-03-25T14:00:00,2,0
2022-03-25T15:00:00,2,0
2022-03-25T16:00:00,0,1
2022-03-25T17:00:00,0,-1
2022-03-25T18:00:00,0,0
2022-03-25T19:00:00,0,0
2022-03-25T20:00:00,0,0
2022-03-27T21:00:00,2,1
2022-03-27T22:00:00,2,-1
2022-03-27T23:00:00,2,0
2022-03-28T00:00:00,2,1
2022-03-28T01:00:00,2,-1
2022-03-28T02:00:00,2,0
2022-03-28T03:00:00,2,0
2022-03-28T04:00:00,2,1
2022-03-28T05:00:00,2,0
2022-03-28T06:00:00,2,1
2022-03-28T07:00:00,2,0
2022-03-28T08:00:00,2,-1
2022-03-28T09:00:00,2,0
2022-03-28T10:00:00,0,0
2022-03-28T11:00:00,0,0
2022-03-28T12:00:00,0,1
2022-03-28T13:00:00,0,-1
2022-03-28T14:00:00,0,0
2022-03-28T15:00:00,-2,1
2022-03-28T16:00:00,0,0
2022-03-28T17:00:00,0,0
2022-03-28T18:00:00,0,1
2022-03-28T19:00:00,2,-1
2022-03-28T20:00:00,2,0
2022-03-28T21:00:00,2,0
2022-03-28T22:00:00,2,-1
2022-03-28T23:00:00,0,1
2022-03-29T00:00:00,-2,-1
2022-03-29T01:00:00,-2,0
2022-03-29T02:00:00,-2,1
2022-03-29T03:00:00,-2,1
2022-03-29T04:00:00,0,0
2022-03-29T05:00:00,2,-1
2022-03-29T06:00:00,2,0
2022-03-29T07:00:00,2,1
2022-03-29T08:00:00,2,0
2022-03-29T09:00:00,0,0
2022-03-29T10:00:00,-2,0
2022-03-29T11:00:00,-2,0
2022-03-29T12:00:00,-2,0
2022-03-29T13:00:00,-2,1
2022-03-29T14:00:00,-2,-1
2022-03-29T15:00:00,2,0
2022-03-29T16:00:00,2,0
2022-03-29T17:00:00,2,0
2022-03-29T18:00:00,0,0
2022-03-29T19:00:00,0,0
2022-03-29T20:00:00,0,0
2022-03-29T21:00:00,0,1
2022-03-29T22:00:00,0,0
2022-03-29T23:00:00,-2,-1
2022-03-30T00:00:00,-2,0
2022-03-30T01:00:00,-2,-1
2022-03-30T02:00:00,-2,1
2022-03-30T03:00:00,-2,1
2022-03-30T04:00:00,0,-1
2022-03-30T05:00:00,0,-1
2022-03-30T06:00:00,0,-1
2022-03-30T07:00:00,-2,0
2022-03-30T08:00:00,-2,1
2022-03-30T09:00:00,0,0
2022-03-30T10:00:00,0,-1
2022-03-30T11:00:00,0,0
2022-03-30T12:00:00,0,0
2022-03-30T13:00:00,0,0
2022-03-30T14:00:00,0,0
2022-03-30T15:00:00,0,0
2022-03-30T16:00:00,0,1
2022-03-30T17:00:00,0,-1
2022-03-30T18:00:00,0,1
2022-03-30T19:00:00,0,-1
2022-03-30T20:00:00,2,0
2022-03-30T21:00:00,2,-1
2022-03-30T22:00:00,2,1
2022-03-30T23:00:00,2,0
2022-03-31T00:00:00,2,0
2022-03-31T01:00:00,2,1
2022-03-31T02:00:00,0,0
2022-03-31T03:00:00,0,-1
2022-03-31T04:00:00,0,-1
2022-03-31T05:00:00,-2,0
2022-03-31T06:00:00,-2,1
2022-03-31T07:00:00,0,1
2022-03-31T08:00:00,2,-1
2022-03-31T09:00:00,0,0
2022-03-31T10:00:00,0,1
2022-03-31T11:00:00,-2,0
2022-03-31T12:00:00,-2,-1
2022-03-31T13:00:00,-2,0
2022-03-31T14:00:00,-2,0
2022-03-31T15:00:00,0,1
2022-03-31T16:00:00,2,-1
2022-03-31T17:00:00,2,0
2022-03-31T18:00:00,2,1
2022-03-31T19:00:00,2,-1
2022-03-31T20:00:00,2,-1
2022-03-31T21:00:00,2,1
2022-03-31T22:00:00,2,0
2022-03-31T23:00:00,2,1
2022-04-01T00:00:00,2,0
2022-04-01T01:00:00,2,0
2022-04-01T02:00:00,2,-1
2022-04-01T03:00:00,2,0
2022-04-01T04:00:00,-2,-1
2022-04-01T05:00:00,-2,1
2022-04-01T06:00:00,-2,1
2022-04-01T07:00:00,0,-1
2022-04-01T08:00:00,0,0
2022-04-01T09:00:00,0,0
2022-04-01T10:00:00,0,1
2022-04-01T11:00:00,2,1
2022-04-01T12:00:00,2,-1
2022-04-01T13:00:00,2,-1
2022-04-01T14:00:00,0,-1
2022-04-01T15:00:00,0,1
2022-04-01T16:00:00,0,0
2022-04-01T17:00:00,-2,0
2022-04-01T18:00:00,0,-1
2022-04-01T19:00:00,0,0
2022-04-01T20:00:00,0,0
2022-04-03T21:00:00,0,1
2022-04-03T22:00:00,0,-1
2022-04-03T23:00:00,-2,-1
2022-04-04T00:00:00,0,1
2022-04-04T01:00:00,0,0
2022-04-04T02:00:00,0,0
2022-04-04T03:00:00,0,-1
2022-04-04T04:00:00,0,0
2022-04-04T05:00:00,0,0
2022-04-04T06:00:00,-2,-1
2022-04-04T07:00:00,0,0
2022-04-04T08:00:00,0,0
2022-04-04T09:00:00,0,1
2022-04-04T10:00:00,2,-1
2022-04-04T11:00:00,0,-1
2022-04-04T12:00:00,0,1
2022-04-04T13:00:00,0,-1
2022-04-04T14:00:00,0,0
2022-04-04T15:00:00,2,0
2022-04-04T16:00:00,2,0
2022-04-04T17:00:00,2,0
2022-04-04T18:00:00,2,0
2022-04-04T19:00:00,-2,0
2022-04-04T20:00:00,-2,1
2022-04-04T21:00:00,-2,1
2022-04-04T22:00:00,-2,0
2022-04-04T23:00:00,-2,-1
2022-04-05T00:00:00,-2,1
2022-04-05T01:00:00,-2,1
2022-04-05T02:00:00,-2,-1
2022-04-05T03:00:00,0,0
2022-04-05T04:00:00,0,0
2022-04-05T05:00:00,0,1
2022-04-05T06:00:00,0,1
2022-04-05T07:00:00,0,-1
2022-04-05T08:00:00,0,0
2022-04-05T09:00:00,0,1
2022-04-05T10:00:00,0,0
2022-04-05T11:00:00,0,-1
2022-04-05T12:00:00,0,1
2022-04-05T13:00:00,2,1
2022-04-05T14:00:00,2,-1
2022-04-05T15:00:00,2,0
2022-04-05T16:00:00,2,0
2022-04-05T17:00:00,2,0
2022-04-05T18:00:00,0,0
2022-04-05T19:00:00,0,0
2022-04-05T20:00:00,0,0
2022-04-05T21:00:00,2,0
2022-04-05T22:00:00,2,1
2022-04-05T23:00:00,2,1
2022-04-06T00:00:00,2,-1
2022-04-06T01:00:00,2,-1
2022-04-06T02:00:00,2,0
2022-04-06T03:00:00,-2,1
2022-04-06T04:00:00,2,0
2022-04-06T05:00:00,0,-1
2022-04-06T06:00:00,0,-1
2022-04-06T07:00:00,0,0
2022-04-06T08:00:00,0,1
2022-04-06T09:00:00,0,0
2022-04-06T10:00:00,2,-1
2022-04-06T11:00:00,0,0
2022-04-06T12:00:00,0,1
2022-04-06T13:00:00,0,-1
2022-04-06T14:00:00,0,0
2022-04-06T15:00:00,0,1
2022-04-06T16:00:00,0,0
2022-04-06T17:00:00,0,-1
2022-04-06T18:00:00,0,0
2022-04-06T19:00:00,0,1
2022-04-06T20:00:00,0,0
2022-04-06T21:00:00,0,1
2022-04-06T22:00:00,0,-1
2022-04-06T23:00:00,-2,0
2022-04-07T00:00:00,-2,1
2022-04-07T01:00:00,0,1
2022-04-07T02:00:00,0,-1
2022-04-07T03:00:00,2,-1
2022-04-07T04:00:00,2,0
2022-04-07T05:00:00,2,1
2022-04-07T06:00:00,2,0
2022-04-07T07:00:00,0,0
2022-04-07T08:00:00,0,0
2022-04-07T09:00:00,2,0
2022-04-07T10:00:00,2,0
2022-04-07T11:00:00,0,0
2022-04-07T12:00:00,2,-1
2022-04-07T13:00:00,0,0
2022-04-07T14:00:00,0,0
2022-04-07T15:00:00,0,0
2022-04-07T16:00:00,0,0
2022-04-07T17:00:00,0,0
2022-04-07T18:00:00,0,0
2022-04-07T19:00:00,2,0
2022-04-07T20:00:00,2,0
2022-04-07T21:00:00,2,1
2022-04-07T22:00:00,0,-1
2022-04-07T23:00:00,0,-1
2022-04-08T00:00:00,0,1
2022-04-08T01:00:00,0,1
2022-04-08T02:00:00,2,-1
2022-04-08T03:00:00,2,-1
2022-04-08T04:00:00,2,0
2022-04-08T05:00:00,2,0
2022-04-08T06:00:00,2,0
2022-04-08T07:00:00,0,0
2022-04-08T08:00:00,0,-1
2022-04-08T09:00:00,2,0
2022-04-08T10:00:00,2,0
2022-04-08T11:00:00,2,1
2022-04-08T12:00:00,2,-1
2022-04-08T13:00:00,2,-1
2022-04-08T14:00:00,0,1
2022-04-08T15:00:00,0,1
2022-04-08T16:00:00,0,0
2022-04-08T17:00:00,0,-1
2022-04-08T18:00:00,-2,0
2022-04-08T19:00:00,-2,0
2022-04-08T20:00:00,2,1
2022-04-10T21:00:00,2,0
2022-04-10T22:00:00,2,0
2022-04-10T23:00:00,2,0
2022-04-11T00:00:00,2,0
2022-04-11T01:00:00,2,-1
2022-04-11T02:00:00,2,-1
2022-04-11T03:00:00,2,0
2022-04-11T04:00:00,0,1
2022-04-11T05:00:00,2,1
2022-04-11T06:00:00,2,-1
2022-04-11T07:00:00,0,1
2022-04-11T08:00:00,0,0
2022-04-11T09:00:00,0,1
2022-04-11T10:00:00,0,1
2022-04-11T11:00:00,2,-1
2022-04-11T12:00:00,0,0
2022-04-11T13:00:00,0,0
2022-04-11T14:00:00,0,0
2022-04-11T15:00:00,0,-1
2022-04-11T16:00:00,0,0
2022-04-11T17:00:00,-2,-1
2022-04-11T18:00:00,-2,0
2022-04-11T19:00:00,-2,0
2022-04-11T20:00:00,0,0
2022-04-11T21:00:00,2,0
2022-04-11T22:00:00,2,0
2022-04-11T23:00:00,0,-1
2022-04-12T00:00:00,0,0
2022-04-12T01:00:00,-2,0
2022-04-12T02:00:00,0,0
2022-04-12T03:00:00,0,0
2022-04-12T04:00:00,0,1
2022-04-12T05:00:00,2,0
2022-04-12T06:00:00,2,-1
2022-04-12T07:00:00,2,1
2022-04-12T08:00:00,2,0
2022-04-12T09:00:00,-2,-1
2022-04-12T10:00:00,-2,-1
2022-04-12T11:00:00,-2,-1
2022-04-12T12:00:00,-2,1
2022-04-12T13:00:00,-2,-1
2022-04-12T14:00:00,0,0
2022-04-12T15:00:00,0,0
2022-04-12T16:00:00,0,0
2022-04-12T17:00:00,0,0
2022-04-12T18:00:00,0,0
2022-04-12T19:00:00,0,0
2022-04-12T20:00:00,2,-1
2022-04-12T21:00:00,2,0
2022-04-12T22:00:00,2,0
2022-04-12T23:00:00,0,1
2022-04-13T00:00:00,0,0
2022-04-13T01:00:00,0,0
2022-04-13T02:00:00,0,0
2022-04-13T03:00:00,0,1
2022-04-13T04:00:00,2,0
2022-04-13T05:00:00,2,1
2022-04-13T06:00:00,2,-1
2022-04-13T07:00:00,2,0
2022-04-13T08:00:00,2,1
2022-04-13T09:00:00,0,0
2022-04-13T10:00:00,0,0
2022-04-13T11:00:00,0,1
2022-04-13T12:00:00,0,0
2022-04-13T13:00:00,-2,-1
2022-04-13T14:00:00,0,-1
2022-04-13T15:00:00,0,1
2022-04-13T16:00:00,0,0
2022-04-13T17:00:00,0,0
2022-04-13T18:00:00,0,1
2022-04-13T19:00:00,0,0
2022-04-13T20:00:00,0,1
2022-04-13T21:00:00,-2,0
2022-04-13T22:00:00,-2,-1
2022-04-13T23:00:00,-2,0
2022-04-14T00:00:00,-2,-1
2022-04-14T01:00:00,0,1
2022-04-14T02:00:00,0,-1
2022-04-14T03:00:00,0,1
2022-04-14T04:00:00,0,1
2022-04-14T05:00:00,2,-1
2022-04-14T06:00:00,0,1
2022-04-14T07:00:00,0,0
2022-04-14T08:00:00,0,-1
2022-04-14T09:00:00,0,0
2022-04-14T10:00:00,0,1
2022-04-14T11:00:00,0,1
2022-04-14T12:00:00,0,0
2022-04-14T13:00:00,2,-1
2022-04-14T14:00:00,2,0
2022-04-14T15:00:00,2,0
2022-04-14T16:00:00,0,1
2022-04-14T17:00:00,0,0
2022-04-14T18:00:00,0,0
2022-04-14T19:00:00,-2,0
2022-04-14T20:00:00,-2,1
2022-04-14T21:00:00,2,1
2022-04-14T22:00:00,2,1
2022-04-14T23:00:00,2,-1
2022-04-15T00:00:00,2,-1
2022-04-15T01:00:00,2,-1
2022-04-15T02:00:00,2,-1
2022-04-15T03:00:00,2,0
2022-04-15T04:00:00,0,1
2022-04-15T05:00:00,0,0
2022-04-15T06:00:00,0,-1
2022-04-15T07:00:00,0,1
2022-04-15T08:00:00,0,0
2022-04-15T09:00:00,-2,-1
2022-04-15T10:00:00,0,0
2022-04-15T11:00:00,0,-1
2022-04-15T12:00:00,0,0
2022-04-15T13:00:00,0,-1
2022-04-15T14:00:00,0,0
2022-04-15T15:00:00,0,0
2022-04-15T16:00:00,0,-1
2022-04-15T17:00:00,0,0
2022-04-15T18:00:00,2,0
2022-04-15T19:00:00,2,0
2022-04-15T20:00:00,2,0
2022-04-17T21:00:00,0,0
2022-04-17T22:00:00,2,0
2022-04-17T23:00:00,0,0
2022-04-18T00:00:00,0,0
2022-04-18T01:00:00,0,1
2022-04-18T02:00:00,0,0
2022-04-18T03:00:00,0,-1
2022-04-18T04:00:00,0,0
2022-04-18T05:00:00,0,0
2022-04-18T06:00:00,0,0
2022-04-18T07:00:00,-2,0
2022-04-18T08:00:00,0,0
2022-04-18T09:00:00,0,0
2022-04-18T10:00:00,0,0
2022-04-18T11:00:00,-2,0
2022-04-18T12:00:00,0,1
2022-04-18T13:00:00,2,0
2022-04-18T14:00:00,2,0
2022-04-18T15:00:00,2,0
2022-04-18T16:00:00,2,-1
2022-04-18T17:00:00,2,0
2022-04-18T18:00:00,0,-1
2022-04-18T19:00:00,0,0
2022-04-18T20:00:00,0,1
2022-04-18T21:00:00,0,-1
2022-04-18T22:00:00,2,0
2022-04-18T23:00:00,2,1
2022-04-19T00:00:00,2,0
2022-04-19T01:00:00,2,1
2022-04-19T02:00:00,2,0
2022-04-19T03:00:00,2,0
2022-04-19T04:00:00,0,-1
2022-04-19T05:00:00,0,0
2022-04-19T06:00:00,0,-1
2022-04-19T07:00:00,0,1
2022-04-19T08:00:00,2,0
2022-04-19T09:00:00,0,-1
2022-04-19T10:00:00,0,0
2022-04-19T11:00:00,2,1
2022-04-19T12:00:00,2,0
2022-04-19T13:00:00,2,0
2022-04-19T14:00:00,2,-1
2022-04-19T15:00:00,2,1
2022-04-19T16:00:00,2,0
2022-04-19T17:00:00,2,-1
2022-04-19T18:00:00,2,0
2022-04-19T19:00:00,2,0
2022-04-19T20:00:00,2,1
2022-04-19T21:00:00,0,1
2022-04-19T22:00:00,0,0
2022-04-19T23:00:00,0,-1
2022-04-20T00:00:00,-2,-1
2022-04-20T01:00:00,-2,0
2022-04-20T02:00:00,-2,0
2022-04-20T03:00:00,-2,1
2022-04-20T04:00:00,-2,0
2022-04-20T05:00:00,0,0
2022-04-20T06:00:00,0,0
2022-04-20T07:00:00,-2,-1
2022-04-20T08:00:00,-2,0
2022-04-20T09:00:00,-2,1
2022-04-20T10:00:00,-2,1
2022-04-20T11:00:00,-2,0
2022-04-20T12:00:00,-2,-1
2022-04-20T13:00:00,0,0
2022-04-20T14:00:00,-2,1
2022-04-20T15:00:00,-2,0
2022-04-20T16:00:00,0,-1
2022-04-20T17:00:00,0,1
2022-04-20T18:00:00,0,0
2022-04-20T19:00:00,0,1
2022-04-20T20:00:00,0,0
2022-04-20T21:00:00,2,0
2022-04-20T22:00:00,2,0
2022-04-20T23:00:00,2,1
2022-04-21T00:00:00,2,0
2022-04-21T01:00:00,2,0
2022-04-21T02:00:00,2,-1
2022-04-21T03:00:00,-2,0
2022-04-21T04:00:00,-2,-1
2022-04-21T05:00:00,-2,0
2022-04-21T06:00:00,-2,1
2022-04-21T07:00:00,0,0
2022-04-21T08:00:00,0,-1
2022-04-21T09:00:00,0,0
2022-04-21T10:00:00,0,1
2022-04-21T11:00:00,2,0
2022-04-21T12:00:00,2,1
2022-04-21T13:00:00,2,0
2022-04-21T14:00:00,0,-1
2022-04-21T15:00:00,0,-1
2022-04-21T16:00:00,0,-1
2022-04-21T17:00:00,0,1
2022-04-21T18:00:00,0,0
2022-04-21T19:00:00,0,0
2022-04-21T20:00:00,2,-1
2022-04-21T21:00:00,2,-1
2022-04-21T22:00:00,2,1
2022-04-21T23:00:00,2,0
2022-04-22T00:00:00,2,-1
2022-04-22T01:00:00,2,-1
2022-04-22T02:00:00,-2,-1
2022-04-22T03:00:00,-2,-1
2022-04-22T04:00:00,0,0
2022-04-22T05:00:00,0,1
2022-04-22T06:00:00,0,0
2022-04-22T07:00:00,0,0
2022-04-22T08:00:00,2,0
2022-04-22T09:00:00,2,-1
2022-04-22T10:00:00,2,0
2022-04-22T11:00:00,0,1
2022-04-22T12:00:00,0,0
2022-04-22T13:00:00,0,0
2022-04-22T14:00:00,0,0
2022-04-22T15:00:00,2,-1
2022-04-22T16:00:00,0,-1
2022-04-22T17:00:00,0,1
2022-04-22T18:00:00,-2,0
2022-04-22T19:00:00,-2,0
2022-04-22T20:00:00,0,0
2022-04-24T21:00:00,0,1
2022-04-24T22:00:00,2,-1
2022-04-24T23:00:00,0,1
2022-04-25T00:00:00,0,0
2022-04-25T01:00:00,0,0
2022-04-25T02:00:00,0,1
2022-04-25T03:00:00,0,1
2022-04-25T04:00:00,0,-1
2022-04-25T05:00:00,0,0
2022-04-25T06:00:00,0,0
2022-04-25T07:00:00,-2,0
2022-04-25T08:00:00,-2,0
2022-04-25T09:00:00,0,0
2022-04-25T10:00:00,0,0
2022-04-25T11:00:00,-2,0
2022-04-25T12:00:00,0,0
2022-04-25T13:00:00,0,1
2022-04-25T14:00:00,0,-1
2022-04-25T15:00:00,0,0
2022-04-25T16:00:00,0,1
2022-04-25T17:00:00,0,-1
2022-04-25T18:00:00,0,-1
2022-04-25T19:00:00,0,1
2022-04-25T20:00:00,0,-1
2022-04-25T21:00:00,-2,-1
2022-04-25T22:00:00,-2,-1
2022-04-25T23:00:00,-2,0
2022-04-26T00:00:00,-2,1
2022-04-26T01:00:00,0,0
2022-04-26T02:00:00,0,0
2022-04-26T03:00:00,0,-1
2022-04-26T04:00:00,2,0
2022-04-26T05:00:00,0,0
2022-04-26T06:00:00,0,0
2022-04-26T07:00:00,0,0
2022-04-26T08:00:00,0,0
2022-04-26T09:00:00,-2,0
2022-04-26T10:00:00,-2,0
2022-04-26T11:00:00,0,-1
2022-04-26T12:00:00,0,1
2022-04-26T13:00:00,0,1
2022-04-26T14:00:00,0,0
2022-04-26T15:00:00,2,0
2022-04-26T16:00:00,2,0
2022-04-26T17:00:00,2,-1
2022-04-26T18:00:00,0,0
2022-04-26T19:00:00,0,0
2022-04-26T20:00:00,0,0
2022-04-26T21:00:00,0,0
2022-04-26T22:00:00,0,1
2022-04-26T23:00:00,0,0
2022-04-27T00:00:00,0,-1
2022-04-27T01:00:00,0,1
2022-04-27T02:00:00,0,-1
2022-04-27T03:00:00,0,0
2022-04-27T04:00:00,0,1
2022-04-27T05:00:00,2,1
2022-04-27T06:00:00,2,-1
2022-04-27T07:00:00,0,-1
2022-04-27T08:00:00,0,0
2022-04-27T09:00:00,0,0
2022-04-27T10:00:00,0,0
2022-04-27T11:00:00,0,0
2022-04-27T12:00:00,0,0
2022-04-27T13:00:00,2,0
2022-04-27T14:00:00,2,0
2022-04-27T15:00:00,0,-1
2022-04-27T16:00:00,0,0
2022-04-27T17:00:00,0,0
2022-04-27T18:00:00,0,0
2022-04-27T19:00:00,2,0
2022-04-27T20:00:00,2,0
2022-04-27T21:00:00,2,-1
2022-04-27T22:00:00,2,-1
2022-04-27T23:00:00,2,1
2022-04-28T00:00:00,2,-1
2022-04-28T01:00:00,2,1
2022-04-28T02:00:00,2,1
2022-04-28T03:00:00,2,-1
2022-04-28T04:00:00,2,-1
2022-04-28T05:00:00,2,0
2022-04-28T06:00:00,0,-1
2022-04-28T07:00:00,0,0
2022-04-28T08:00:00,2,-1
2022-04-28T09:00:00,0,1
2022-04-28T10:00:00,0,0
2022-04-28T11:00:00,0,-1
2022-04-28T12:00:00,2,0
2022-04-28T13:00:00,0,0
2022-04-28T14:00:00,0,0
2022-04-28T15:00:00,0,0
2022-04-28T16:00:00,0,0
2022-04-28T17:00:00,0,-1
2022-04-28T18:00:00,-2,0
2022-04-28T19:00:00,-2,0
2022-04-28T20:00:00,0,0
2022-04-28T21:00:00,-2,0
2022-04-28T22:00:00,-2,-1
2022-04-28T23:00:00,-2,0
2022-04-29T00:00:00,-2,1
2022-04-29T01:00:00,0,0
2022-04-29T02:00:00,0,0
2022-04-29T03:00:00,-2,0
2022-04-29T04:00:00,-2,0
2022-04-29T05:00:00,-2,0
2022-04-29T06:00:00,-2,0
2022-04-29T07:00:00,-2,1
2022-04-29T08:00:00,0,0
2022-04-29T09:00:00,0,-1
2022-04-29T10:00:00,0,1
2022-04-29T11:00:00,0,0
2022-04-29T12:00:00,0,-1
2022-04-29T13:00:00,0,0
2022-04-29T14:00:00,0,0
2022-04-29T15:00:00,0,-1
2022-04-29T16:00:00,0,0
2022-04-29T17:00:00,0,0
2022-04-29T18:00:00,0,1
2022-04-29T19:00:00,2,-1
2022-04-29T20:00:00,2,0
2022-05-01T21:00:00,2,0
2022-05-01T22:00:00,2,0
2022-05-01T23:00:00,0,1
2022-05-02T00:00:00,0,1
2022-05-02T01:00:00,0,-1
2022-05-02T02:00:00,2,0
2022-05-02T03:00:00,2,0
2022-05-02T04:00:00,2,-1
2022-05-02T05:00:00,0,0
2022-05-02T06:00:00,-2,0
2022-05-02T07:00:00,-2,0
2022-05-02T08:00:00,-2,-1
2022-05-02T09:00:00,-2,1
2022-05-02T10:00:00,0,0
2022-05-02T11:00:00,0,1
2022-05-02T12:00:00,2,0
2022-05-02T13:00:00,2,0
2022-05-02T14:00:00,2,-1
2022-05-02T15:00:00,0,0
2022-05-02T16:00:00,0,0
2022-05-02T17:00:00,0,0
2022-05-02T18:00:00,-2,0
2022-05-02T19:00:00,0,0
2022-05-02T20:00:00,0,0
2022-05-02T21:00:00,0,-1
2022-05-02T22:00:00,0,0
2022-05-02T23:00:00,0,0
2022-05-03T00:00:00,0,0
2022-05-03T01:00:00,0,1
2022-05-03T02:00:00,0,0
2022-05-03T03:00:00,2,1
2022-05-03T04:00:00,2,0
2022-05-03T05:00:00,2,0
2022-05-03T06:00:00,2,0
2022-05-03T07:00:00,0,0
2022-05-03T08:00:00,0,0
2022-05-03T09:00:00,-2,0
2022-05-03T10:00:00,-2,0
2022-05-03T11:00:00,0,0
2022-05-03T12:00:00,0,0
2022-05-03T13:00:00,0,1
2022-05-03T14:00:00,0,0
2022-05-03T15:00:00,2,0
2022-05-03T16:00:00,2,0
2022-05-03T17:00:00,2,1
2022-05-03T18:00:00,0,-1
2022-05-03T19:00:00,0,1
2022-05-03T20:00:00,-2,0
2022-05-03T21:00:00,0,-1
2022-05-03T22:00:00,0,1
2022-05-03T23:00:00,0,0
2022-05-04T00:00:00,0,-1
2022-05-04T01:00:00,0,0
2022-05-04T02:00:00,0,1
2022-05-04T03:00:00,0,0
2022-05-04T04:00:00,0,0
2022-05-04T05:00:00,0,0
2022-05-04T06:00:00,0,0
2022-05-04T07:00:00,0,0
2022-05-04T08:00:00,-2,0
2022-05-04T09:00:00,-2,0
2022-05-04T10:00:00,-2,0
2022-05-04T11:00:00,-2,0
2022-05-04T12:00:00,0,0
2022-05-04T13:00:00,0,0
2022-05-04T14:00:00,2,0
2022-05-04T15:00:00,2,1
2022-05-04T16:00:00,0,0
2022-05-04T17:00:00,0,0
2022-05-04T18:00:00,-2,-1
2022-05-04T19:00:00,-2,1
2022-05-04T20:00:00,0,1
2022-05-04T21:00:00,0,1
2022-05-04T22:00:00,2,-1
2022-05-04T23:00:00,0,0
2022-05-05T00:00:00,-2,0
2022-05-05T01:00:00,-2,0
2022-05-05T02:00:00,0,0
2022-05-05T03:00:00,0,0
2022-05-05T04:00:00,0,0
2022-05-05T05:00:00,2,0
2022-05-05T06:00:00,2,0
2022-05-05T07:00:00,2,-1
2022-05-05T08:00:00,2,0
2022-05-05T09:00:00,0,0
2022-05-05T10:00:00,0,0
2022-05-05T11:00:00,0,0
2022-05-05T12:00:00,0,1
2022-05-05T13:00:00,0,0
2022-05-05T14:00:00,0,1
2022-05-05T15:00:00,0,0
2022-05-05T16:00:00,0,0
2022-05-05T17:00:00,0,-1
2022-05-05T18:00:00,-2,-1
2022-05-05T19:00:00,-2,1
2022-05-05T20:00:00,0,-1
2022-05-05T21:00:00,0,-1
2022-05-05T22:00:00,2,1
2022-05-05T23:00:00,2,1
2022-05-06T00:00:00,2,0
2022-05-06T01:00:00,2,-1
2022-05-06T02:00:00,2,0
2022-05-06T03:00:00,0,0
2022-05-06T04:00:00,0,0
2022-05-06T05:00:00,0,0
2022-05-06T06:00:00,0,0
2022-05-06T07:00:00,-2,0
2022-05-06T08:00:00,0,0
2022-05-06T09:00:00,0,0
2022-05-06T10:00:00,0,1
2022-05-06T11:00:00,0,0
2022-05-06T12:00:00,0,-1
2022-05-06T13:00:00,0,0
2022-05-06T14:00:00,-2,0
2022-05-06T15:00:00,0,1
2022-05-06T16:00:00,2,0
2022-05-06T17:00:00,0,0
2022-05-06T18:00:00,0,0
2022-05-06T19:00:00,0,0
2022-05-06T20:00:00,0,1
2022-05-08T21:00:00,0,0
2022-05-08T22:00:00,0,0
2022-05-08T23:00:00,0,0
2022-05-09T00:00:00,0,0
2022-05-09T01:00:00,0,0
2022-05-09T02:00:00,0,0
2022-05-09T03:00:00,2,0
2022-05-09T04:00:00,2,1
2022-05-09T05:00:00,2,0
2022-05-09T06:00:00,2,-1
2022-05-09T07:00:00,0,0
2022-05-09T08:00:00,0,0
2022-05-09T09:00:00,0,0
2022-05-09T10:00:00,-2,-1
2022-05-09T11:00:00,-2,-1
2022-05-09T12:00:00,-2,0
2022-05-09T13:00:00,0,-1
2022-05-09T14:00:00,0,0
2022-05-09T15:00:00,0,1
2022-05-09T16:00:00,-2,0
2022-05-09T17:00:00,0,-1
2022-05-09T18:00:00,0,0
2022-05-09T19:00:00,0,0
2022-05-09T20:00:00,0,0
2022-05-09T21:00:00,2,0
2022-05-09T22:00:00,0,0
2022-05-09T23:00:00,0,0
2022-05-10T00:00:00,-2,0
2022-05-10T01:00:00,0,0
2022-05-10T02:00:00,0,0
2022-05-10T03:00:00,0,1
2022-05-10T04:00:00,0,-1
2022-05-10T05:00:00,0,1
2022-05-10T06:00:00,0,-1
2022-05-10T07:00:00,0,0
2022-05-10T08:00:00,0,1
2022-05-10T09:00:00,0,0
2022-05-10T10:00:00,-2,1
2022-05-10T11:00:00,-2,-1
2022-05-10T12:00:00,2,1
2022-05-10T13:00:00,0,0
2022-05-10T14:00:00,0,-1
2022-05-10T15:00:00,0,0
2022-05-10T16:00:00,2,0
2022-05-10T17:00:00,2,0
2022-05-10T18:00:00,2,-1
2022-05-10T19:00:00,2,1
2022-05-10T20:00:00,0,-1
2022-05-10T21:00:00,0,0
2022-05-10T22:00:00,0,1
2022-05-10T23:00:00,-2,0
2022-05-11T00:00:00,0,0
2022-05-11T01:00:00,0,0
2022-05-11T02:00:00,0,1
2022-05-11T03:00:00,0,0
2022-05-11T04:00:00,0,1
2022-05-11T05:00:00,-2,-1
2022-05-11T06:00:00,-2,-1
2022-05-11T07:00:00,-2,0
2022-05-11T08:00:00,-2,0
2022-05-11T09:00:00,-2,0
2022-05-11T10:00:00,2,0
2022-05-11T11:00:00,2,1
2022-05-11T12:00:00,2,0
2022-05-11T13:00:00,0,0
2022-05-11T14:00:00,-2,0
2022-05-11T15:00:00,0,0
2022-05-11T16:00:00,0,0
2022-05-11T17:00:00,0,0
2022-05-11T18:00:00,0,0
2022-05-11T19:00:00,2,-1
2022-05-11T20:00:00,2,0
2022-05-11T21:00:00,2,0
2022-05-11T22:00:00,0,0
2022-05-11T23:00:00,-2,0
2022-05-12T00:00:00,0,1
2022-05-12T01:00:00,0,0
2022-05-12T02:00:00,0,0
2022-05-12T03:00:00,0,0
2022-05-12T04:00:00,0,-1
2022-05-12T05:00:00,0,0
2022-05-12T17:00:00,0,0
2022-05-12T18:00:00,0,0
2022-05-12T19:00:00,0,0
2022-05-12T20:00:00,0,0
2022-05-12T21:00:00,0,0
2022-05-12T22:00:00,0,0
2022-05-12T23:00:00,0,1
2022-05-13T00:00:00,0,0
2022-05-13T01:00:00,0,-1
2022-05-13T02:00:00,0,1
2022-05-13T03:00:00,0,-1
2022-05-13T04:00:00,-2,0
2022-05-13T05:00:00,-2,0
2022-05-13T06:00:00,-2,0
2022-05-13T07:00:00,0,0
2022-05-13T08:00:00,0,0
2022-05-13T09:00:00,2,0
2022-05-13T10:00:00,2,0
2022-05-13T11:00:00,2,0
2022-05-13T12:00:00,0,0
2022-05-13T13:00:00,0,0
2022-05-13T14:00:00,0,0
2022-05-13T15:00:00,0,1
2022-05-13T16:00:00,0,0
2022-05-13T17:00:00,0,0
2022-05-13T18:00:00,0,-1
2022-05-13T19:00:00,0,0
2022-05-13T20:00:00,0,1
2022-05-15T21:00:00,0,0
2022-05-15T22:00:00,0,1
2022-05-15T23:00:00,-2,0
2022-05-16T00:00:00,0,0
2022-05-16T01:00:00,0,1
2022-05-16T02:00:00,0,0
2022-05-16T03:00:00,0,0
2022-05-16T04:00:00,0,0
2022-05-16T05:00:00,2,0
2022-05-16T06:00:00,0,1
2022-05-16T07:00:00,0,-1
2022-05-16T08:00:00,0,0
2022-05-16T09:00:00,0,0
2022-05-16T10:00:00,0,1
2022-05-16T11:00:00,-2,-1
2022-05-16T12:00:00,-2,0
2022-05-16T13:00:00,-2,0
2022-05-16T14:00:00,-2,0
2022-05-16T15:00:00,0,0
2022-05-16T16:00:00,0,0
2022-05-16T17:00:00,0,-1
2022-05-16T18:00:00,0,0
2022-05-16T19:00:00,0,0
2022-05-16T20:00:00,-2,-1
2022-05-16T21:00:00,-2,-1
2022-05-16T22:00:00,-2,0
2022-05-16T23:00:00,0,0
2022-05-17T00:00:00,0,-1
2022-05-17T01:00:00,0,0
2022-05-17T02:00:00,0,0
2022-05-17T03:00:00,0,0
2022-05-17T04:00:00,0,-1
2022-05-17T05:00:00,0,0
2022-05-17T06:00:00,0,1
2022-05-17T07:00:00,0,-1
2022-05-17T08:00:00,0,0
2022-05-17T09:00:00,0,0
2022-05-17T10:00:00,0,0
2022-05-17T11:00:00,0,1
2022-05-17T12:00:00,2,0
2022-05-17T13:00:00,0,-1
2022-05-17T14:00:00,0,0
2022-05-17T15:00:00,0,0
2022-05-17T16:00:00,-2,0
2022-05-17T17:00:00,0,1
2022-05-17T18:00:00,0,-1
2022-05-17T19:00:00,0,0
2022-05-17T20:00:00,0,0
2022-05-17T21:00:00,0,1
2022-05-17T22:00:00,-2,-1
2022-05-17T23:00:00,0,-1
2022-05-18T00:00:00,0,0
2022-05-18T01:00:00,0,0
2022-05-18T02:00:00,0,0
2022-05-18T03:00:00,0,0
2022-05-18T04:00:00,0,0
2022-05-18T05:00:00,2,0
2022-05-18T06:00:00,2,-1
2022-05-18T07:00:00,0,-1
2022-05-18T08:00:00,0,0
2022-05-18T09:00:00,0,0
2022-05-18T10:00:00,-2,-1
2022-05-18T11:00:00,-2,-1
2022-05-18T12:00:00,-2,0
2022-05-18T13:00:00,-2,0
2022-05-18T14:00:00,-2,0
2022-05-18T15:00:00,0,0
2022-05-18T16:00:00,0,0
2022-05-18T17:00:00,0,0
2022-05-18T18:00:00,0,0
2022-05-18T19:00:00,0,-1
2022-05-18T20:00:00,2,0
2022-05-18T21:00:00,2,-1
2022-05-18T22:00:00,0,0
2022-05-18T23:00:00,0,0
2022-05-19T00:00:00,0,-1
2022-05-19T01:00:00,0,0
2022-05-19T02:00:00,0,0
2022-05-19T03:00:00,0,0
2022-05-19T04:00:00,0,0
2022-05-19T05:00:00,0,0
2022-05-19T06:00:00,-2,0
2022-05-19T07:00:00,-2,0
2022-05-19T08:00:00,-2,1
2022-05-19T09:00:00,-2,1
2022-05-19T10:00:00,-2,0
2022-05-19T11:00:00,-2,-1
2022-05-19T12:00:00,-2,0
2022-05-19T13:00:00,0,1
2022-05-19T14:00:00,0,0
2022-05-19T15:00:00,0,-1
2022-05-19T16:00:00,0,0
2022-05-19T17:00:00,0,0
2022-05-19T18:00:00,2,0
2022-05-19T19:00:00,0,1
2022-05-19T20:00:00,0,0
2022-05-19T21:00:00,0,0
2022-05-19T22:00:00,2,1
2022-05-19T23:00:00,2,0
2022-05-20T00:00:00,2,1
2022-05-20T01:00:00,0,0
2022-05-20T02:00:00,0,-1
2022-05-20T03:00:00,-2,0
2022-05-20T04:00:00,0,0
2022-05-20T05:00:00,0,0
2022-05-20T06:00:00,0,1
2022-05-20T07:00:00,0,0
2022-05-20T08:00:00,0,-1
2022-05-20T09:00:00,2,0
2022-05-20T10:00:00,0,0
2022-05-20T11:00:00,0,0
2022-05-20T12:00:00,0,1
2022-05-20T13:00:00,0,0
2022-05-20T14:00:00,0,0
2022-05-20T15:00:00,0,0
2022-05-20T16:00:00,0,1
2022-05-20T17:00:00,0,-1
2022-05-20T18:00:00,0,0
2022-05-20T19:00:00,0,0
2022-05-20T20:00:00,0,0
